8.46292	0.243462	0	0	8.46292	0.243462	8.6	0.25	-3.00029	0
8.44827	0.251501	-0.209216	0.114846	8.44818	0.251553	8.45	0.25	-3.00027	0
8.47196	0.240711	0.00104095	-0.212739	8.56759	0.241943	8.45	0.25	0	0
8.46436	0.252216	-0.00953327	0.0239918	8.45582	0.253997	8.45	0.25	0	0
8.37433	0.25263	-1.04665	0.000869466	8.42544	0.254042	8.35	0.25	-1.81979	0
8.29315	0.251091	-1.06397	-0.00496558	8.23962	0.24916	8.25	0.25	-1.81978	0
8.08637	0.227105	-2.32898	-0.145024	7.93286	0.188391	8.05	0.2	-3.99976	-0.99994
7.93933	0.186283	-2.35415	-0.286549	7.84073	0.159858	7.85	0.15	-3.99972	-0.99993
7.76739	0.172498	-2.72186	-0.285101	7.61269	0.155818	7.7	0.15	-2.99982	0
7.61242	0.159555	-2.74305	-0.2794	7.54016	0.159641	7.55	0.15	-2.99982	0
7.50757	0.130622	-2.39049	-0.319735	7.50815	0.0953827	7.45	0.100001	-1.8165	-0.908239
7.36998	0.0798111	-2.39764	-0.4165	7.3426	0.0345312	7.35	0.0500011	-1.81648	-0.90823
7.21523	0.0474021	-2.56422	-0.442861	7.20598	0.00492725	7.2	9.49949e-007	-2.72851	-0.909507
7.07076	-0.00593245	-2.56949	-0.519301	7.05406	-0.0533413	7.05	-0.0499992	-2.72849	-0.909499
6.97166	-0.0628517	-2.20512	-0.595578	6.74585	-0.143185	6.95	-0.15	-1.81898	-1.81898
6.85026	-0.152129	-2.20695	-0.737827	6.84972	-0.258748	6.85	-0.25	-1.81896	-1.81897
6.74547	-0.221991	-2.14798	-0.822366	6.66966	-0.346668	6.75	-0.349999	-2.00076	-2.00075
6.63834	-0.325836	-2.15148	-0.978517	6.64329	-0.462604	6.65	-0.449999	-2.00076	-2.00075
6.60294	-0.424145	-1.6502	-1.12727	6.60862	-0.557035	6.6	-0.549999	-0.998836	-1.99769
6.52584	-0.530571	-1.64663	-1.25209	6.56029	-0.650892	6.55	-0.65	-0.99884	-1.99769
6.49518	-0.664274	-1.19761	-1.45164	6.40696	-0.842921	6.5	-0.85	-0.908747	-3.63498
6.43056	-0.834227	-1.20863	-1.67872	6.45805	-1.05268	6.45	-1.05	-0.908739	-3.63494
6.34491	-0.962312	-1.33981	-1.75582	6.38626	-1.15695	6.35	-1.15	-1.81897	-1.81898
6.26504	-1.11475	-1.36203	-1.89788	6.25499	-1.25007	6.25	-1.25	-1.81896	-1.81896
6.3432	-1.33204	-0.293235	-2.35032	6.43125	-1.48148	6.3	-1.45	0.909739	-3.63894
6.32865	-1.51642	-0.305398	-2.48982	6.36328	-1.65656	6.35	-1.65	0.909727	-3.63891
6.27997	-1.65326	-0.531415	-2.47844	6.3228	-1.81431	6.3	-1.8	-0.999494	-2.9985
6.24689	-1.82542	-0.55909	-2.60031	6.24641	-1.95075	6.25	-1.95	-0.999489	-2.99847
6.29188	-2.02674	-0.0303675	-2.91364	6.31851	-2.10969	6.3	-2.1	0.999984	-2.99994
6.29787	-2.1881	-0.023588	-2.95113	6.34644	-2.23829	6.35	-2.25	0.999979	-2.99994
6.2889	-2.35128	-0.0825152	-2.93651	6.32593	-2.40018	6.35	-2.4	0	-2.72613
6.29461	-2.52063	-0.0673384	-2.95359	6.34927	-2.55175	6.35	-2.55	0	-2.72611
6.33575	-2.7121	0.230182	-3.11848	6.43125	-2.71878	6.4	-2.7	0.909499	-2.72851
6.36655	-2.86814	0.270311	-3.07746	6.43257	-2.84245	6.45	-2.85	0.909503	-2.72851
6.37976	-3.01028	0.234081	-3.02844	6.46536	-3.00452	6.45	-3	0	-2.99754
6.4017	-3.15595	0.255555	-3.01203	6.44119	-3.14955	6.45	-3.15	0	-2.99754
6.44991	-3.33936	0.473039	-3.1344	6.52249	-3.32007	6.5	-3.3	0.910402	-2.7312
6.49292	-3.49297	0.513491	-3.08667	6.5453	-3.45745	6.55	-3.45	0.910402	-2.7312
6.56615	-3.67867	0.794912	-3.23139	6.6358	-3.59197	6.65	-3.6	1.81722	-2.72583
6.6474	-3.81954	0.883102	-3.13619	6.76011	-3.75457	6.75	-3.75	1.81721	-2.72581
6.7018	-3.97243	0.86019	-3.06208	6.83625	-3.92723	6.8	-3.9	0.907988	-2.72396
6.77831	-4.11109	0.92954	-2.98571	6.85997	-4.05805	6.85	-4.05	0.907976	-2.72393
6.8303	-4.25844	0.904227	-2.92452	6.86943	-4.18507	6.9	-4.2	0.909334	-2.72801
6.89902	-4.39446	0.951789	-2.86307	6.94332	-4.34473	6.95	-4.35	0.90933	-2.72799
6.92976	-4.51462	0.745303	-2.663	7.05156	-4.49706	7	-4.45	0.910054	-1.8201
6.99434	-4.62548	0.806453	-2.57671	7.04099	-4.55018	7.05	-4.55	0.910054	-1.8201
7.05239	-4.76077	0.867707	-2.57996	7.10252	-4.67934	7.1	-4.7	0.908302	-2.72489
7.11389	-4.88786	0.900694	-2.54273	7.14735	-4.86125	7.15	-4.85	0.908297	-2.72489
7.21156	-5.05876	1.201	-2.75505	7.31379	-5.05204	7.25	-5	1.81907	-2.72861
7.28797	-5.19272	1.22863	-2.71335	7.30424	-5.15404	7.35	-5.15	1.81907	-2.72861
7.34805	-5.32797	1.1805	-2.65525	7.29446	-5.23429	7.4	-5.3	0.908194	-2.7246
7.42266	-5.46565	1.20278	-2.63371	7.44737	-5.45308	7.45	-5.45	0.90819	-2.72457
7.49821	-5.60651	1.22139	-2.62104	7.63082	-5.61863	7.55	-5.55	1.81974	-1.81974
7.59043	-5.72124	1.28258	-2.54969	7.64356	-5.66706	7.65	-5.65	1.81972	-1.81972
7.65326	-5.84704	1.23363	-2.48996	7.60376	-5.74774	7.7	-5.8	0.90983	-2.72951
7.72666	-5.97448	1.24844	-2.46796	7.7342	-5.95374	7.75	-5.95	0.909826	-2.72948
7.83842	-6.13777	1.59129	-2.74624	7.82165	-6.06822	7.85	-6.1	1.9986	-2.9979
7.92972	-6.26347	1.61887	-2.71739	7.95703	-6.24328	7.95	-6.25	1.99858	-2.99787
8.00965	-6.39472	1.50373	-2.59633	8.17338	-6.44684	8.05	-6.35	1.81738	-1.81739
8.11533	-6.50912	1.56015	-2.52836	8.15891	-6.45335	8.15	-6.45	1.81737	-1.81737
8.18417	-6.62977	1.46356	-2.43686	8.08628	-6.51855	8.2	-6.6	0.909293	-2.72787
8.26347	-6.76034	1.46259	-2.42995	8.25411	-6.74791	8.25	-6.75	0.909293	-2.72787
8.3423	-6.88926	1.47089	-2.42858	8.25648	-6.78122	8.35	-6.85	1.81994	-1.81993
8.43416	-7.00301	1.50023	-2.38346	8.44494	-6.95805	8.45	-6.95	1.81993	-1.81993
8.49936	-7.11291	1.45867	-2.3453	8.39359	-7.01743	8.5	-7.1	1.00006	-3.00018
8.56553	-7.23595	1.44315	-2.35968	8.54925	-7.24433	8.55	-7.25	1.00006	-3.00018
8.67092	-7.38845	1.6823	-2.58186	8.64403	-7.39047	8.65	-7.4	1.99807	-2.99712
8.74836	-7.52578	1.66586	-2.60103	8.73559	-7.5421	8.75	-7.55	1.99808	-2.99712
8.80393	-7.63465	1.39585	-2.35604	8.87176	-7.71912	8.8	-7.65	0.909955	-1.8199
8.87283	-7.76482	1.38014	-2.36004	8.84538	-7.75497	8.85	-7.75	0.909946	-1.81988
8.94691	-7.89231	1.43416	-2.42039	8.88333	-7.88636	8.9	-7.9	0.999086	-2.9973
9.00218	-8.02516	1.3971	-2.45011	8.95966	-8.0381	8.95	-8.05	0.999095	-2.9973
9.03645	-8.12139	1.14439	-2.21869	8.8564	-8.01424	9	-8.15	0.909309	-1.8186
9.08933	-8.24703	1.12301	-2.2294	9.05896	-8.24314	9.05	-8.25	0.909301	-1.81859
9.16428	-8.38348	1.25514	-2.37093	9.17781	-8.47056	9.1	-8.4	1.0004	-3.00119
9.20461	-8.52082	1.2035	-2.41692	9.15332	-8.54857	9.15	-8.55	1.00038	-3.00117
9.24448	-8.63063	1.02349	-2.24979	9.22922	-8.6898	9.2	-8.65	0.909508	-1.819
9.28538	-8.76326	0.989393	-2.27298	9.24541	-8.76863	9.25	-8.75	0.9095	-1.81899
9.41355	-8.96844	1.55703	-2.86157	9.37748	-9.00609	9.35	-8.95	1.99965	-3.99928
9.47643	-9.12644	1.52146	-2.8967	9.44703	-9.15328	9.45	-9.15	1.99964	-3.99928
9.51641	-9.23311	1.27078	-2.64155	9.50096	-9.25642	9.5	-9.25	0.999584	-1.99917
9.57154	-9.36536	1.2539	-2.64462	9.54157	-9.35195	9.55	-9.35	0.999584	-1.99917
9.60851	-9.47443	1.10626	-2.50193	9.47534	-9.42627	9.55	-9.5	0	-3.00023
9.63006	-9.62278	1.02985	-2.55982	9.54779	-9.64959	9.55	-9.65	0	-3.0002
9.69269	-9.77018	1.10855	-2.66004	9.69942	-9.88416	9.6	-9.8	0.999005	-2.997
9.71956	-9.92038	1.04463	-2.70356	9.64606	-9.9341	9.65	-9.95	0.998995	-2.997
9.74373	-10.0342	0.841375	-2.48923	9.60087	-9.96395	9.7	-10.05	0.909855	-1.81969
9.77936	-10.1679	0.820802	-2.48629	9.73801	-10.1396	9.75	-10.15	0.909847	-1.81969
9.82401	-10.2996	0.821267	-2.49542	9.92627	-10.4745	9.75	-10.3	0	-3.00065
9.83184	-10.4469	0.745576	-2.55074	9.75524	-10.4732	9.75	-10.45	0	-3.00063
9.87514	-10.596	0.801959	-2.62735	9.71825	-10.5087	9.8	-10.6	0.90817	-2.72451
9.89963	-10.7503	0.758273	-2.65249	9.85048	-10.7526	9.85	-10.75	0.908161	-2.72448
9.9187	-10.8727	0.604549	-2.48458	9.88465	-10.9383	9.85	-10.9	0	-2.73074
9.91694	-11.0287	0.525879	-2.53348	9.83614	-11.041	9.85	-11.05	0	-2.73073
9.93956	-11.1579	0.524534	-2.54788	9.83952	-11.1692	9.85	-11.2	0	-2.99965
9.92696	-11.3127	0.435041	-2.61375	9.84568	-11.3496	9.85	-11.35	0	-2.99961
9.94552	-11.4492	0.426782	-2.62648	9.87961	-11.5637	9.85	-11.5	0	-2.99843
9.92556	-11.6054	0.332938	-2.68791	9.83206	-11.6307	9.85	-11.65	0	-2.99843
9.89377	-11.6803	-0.0127284	-2.26492	9.85311	-11.8523	9.8	-11.75	-1.0003	-2.00061
9.8493	-11.8191	-0.112297	-2.32805	9.74928	-11.8442	9.75	-11.85	-1.00029	-2.00059
9.83897	-11.9397	-0.113177	-2.35086	9.69694	-11.9706	9.7	-12	-1.0004	-3.00119
9.77566	-12.0956	-0.246393	-2.44262	9.65354	-12.1497	9.65	-12.15	-1.00039	-3.00116
9.73994	-12.1907	-0.421072	-2.22374	9.72311	-12.3964	9.6	-12.25	-0.999885	-1.99981
9.66783	-12.3282	-0.536729	-2.28956	9.54859	-12.3478	9.55	-12.35	-0.999884	-1.99979
9.59891	-12.388	-0.80368	-1.93453	9.39039	-12.3902	9.45	-12.45	-1.99803	-1.99805
9.49782	-12.5179	-0.94274	-2.01537	9.36086	-12.5501	9.35	-12.55	-1.99804	-1.99804
9.43783	-12.6254	-0.983711	-1.97773	9.34456	-12.7106	9.3	-12.65	-0.909773	-1.81953
9.33435	-12.7556	-1.09551	-2.03214	9.22134	-12.7613	9.25	-12.75	-0.909773	-1.81954
9.22759	-12.7772	-1.47976	-1.46441	9.15326	-13.0031	9.05	-12.85	-3.99257	-1.99629
9.05414	-12.902	-1.70807	-1.58872	8.84161	-12.9519	8.85	-12.95	-3.99253	-1.99627
8.93391	-12.9555	-1.85982	-1.37284	8.71632	-12.9613	8.75	-13	-1.8213	-0.910651
8.7804	-13.0491	-1.97591	-1.42029	8.66358	-13.0431	8.65	-13.05	-1.8213	-0.910651
8.65399	-13.0755	-2.1671	-1.11375	8.54518	-13.1702	8.5	-13.1	-2.997	-0.999005
8.48734	-13.1533	-2.29945	-1.16976	8.35763	-13.1557	8.35	-13.15	-2.997	-0.998995
8.32682	-13.149	-2.54935	-0.723772	8.22926	-13.1698	8.2	-13.15	-2.72741	0
8.14351	-13.1939	-2.64429	-0.743488	8.03583	-13.1513	8.05	-13.15	-2.72742	0
7.97717	-13.1931	-2.77254	-0.506412	7.82915	-13.0525	7.9	-13.15	-2.72986	0
7.81099	-13.2138	-2.80041	-0.496226	7.76538	-13.1647	7.75	-13.15	-2.72986	0
7.68049	-13.2683	-2.71654	-0.678964	7.66145	-13.3079	7.6	-13.2	-2.9979	-0.999304
7.51859	-13.2996	-2.77221	-0.680245	7.44786	-13.2517	7.45	-13.25	-2.9979	-0.999304
7.34539	-13.2869	-2.90467	-0.398724	7.21108	-13.0985	7.3	-13.25	-2.72846	0
7.18329	-13.296	-2.90587	-0.37586	7.16011	-13.2382	7.15	-13.25	-2.72844	0
7.00728	-13.2272	-3.1255	0.132472	6.88472	-12.9588	7	-13.2	-2.99784	0.999284
6.85581	-13.2062	-3.10993	0.159362	6.84891	-13.1493	6.85	-13.15	-2.99784	0.999284
6.68095	-13.173	-3.17384	0.33295	6.77424	-13.2337	6.7	-13.1	-2.72787	0.909275
6.52972	-13.133	-3.11555	0.376881	6.55759	-13.0679	6.55	-13.05	-2.72787	0.909284
6.36803	-13.1352	-3.04337	0.213967	6.40137	-13.0799	6.4	-13.05	-2.72678	0
6.22609	-13.1046	-2.98105	0.253001	6.26174	-13.0534	6.25	-13.05	-2.72678	0
6.05828	-13.0647	-3.03136	0.409892	6.10143	-13.0076	6.1	-13	-2.72966	0.909888
5.9153	-13.0198	-2.97203	0.454696	5.94198	-12.9494	5.95	-12.95	-2.72963	0.90988
5.74451	-12.9012	-3.1825	1.06713	5.79854	-12.8478	5.8	-12.85	-2.99777	1.99851
5.6145	-12.8216	-3.10905	1.11896	5.65107	-12.7365	5.65	-12.75	-2.99778	1.99852
5.45613	-12.7832	-3.02023	0.916658	5.50547	-12.5721	5.55	-12.7	-1.81798	0.908995
5.34506	-12.7071	-2.889	0.972419	5.43839	-12.652	5.45	-12.65	-1.81799	0.908995
5.17961	-12.5965	-2.98509	1.32081	5.27506	-12.4782	5.3	-12.55	-2.72627	1.81753
5.05805	-12.5055	-2.88365	1.36091	5.1307	-12.4684	5.15	-12.45	-2.72625	1.8175
4.90794	-12.4251	-2.86797	1.38564	5.04446	-12.3808	5.05	-12.35	-1.8199	1.81989
4.81785	-12.3184	-2.7068	1.45139	4.92985	-12.2499	4.95	-12.25	-1.81991	1.8199
4.68254	-12.2108	-2.73846	1.62623	4.75061	-11.9803	4.85	-12.15	-1.99928	1.99929
4.6204	-12.1049	-2.56192	1.68239	4.75915	-12.0666	4.75	-12.05	-1.99928	1.99928
4.48774	-11.9841	-2.57623	1.84817	4.69113	-11.9084	4.7	-11.9	-0.908236	2.72471
4.45462	-11.8387	-2.31723	1.94385	4.64378	-11.7442	4.65	-11.75	-0.908231	2.7247
4.35565	-11.758	-2.19609	1.72859	4.59746	-11.6205	4.6	-11.65	-0.909847	1.81971
4.34729	-11.6271	-1.93082	1.8118	4.54975	-11.5706	4.55	-11.55	-0.909843	1.81969
4.23347	-11.4189	-2.14487	2.58419	4.47442	-11.3673	4.5	-11.35	-1.0008	4.0032
4.23808	-11.2462	-1.87843	2.6819	4.44059	-11.1496	4.45	-11.15	-1.0008	4.00321
4.1826	-11.1655	-1.64194	2.18333	4.43713	-11.024	4.45	-11.05	0	1.81614
4.21863	-11.003	-1.34267	2.28319	4.45136	-10.93	4.45	-10.95	0	1.81612
4.16764	-10.8683	-1.29109	2.3136	4.44745	-10.786	4.45	-10.8	0	2.72555
4.22298	-10.7017	-0.993019	2.4104	4.45788	-10.6457	4.45	-10.65	0	2.72554
4.19365	-10.5718	-0.92387	2.38178	4.46329	-10.5756	4.45	-10.5	0	2.729
4.24819	-10.4031	-0.674578	2.47354	4.44057	-10.3382	4.45	-10.35	0	2.72898
4.24355	-10.2766	-0.568824	2.38332	4.51895	-10.2367	4.5	-10.2	0.908962	2.72687
4.32994	-10.1046	-0.291203	2.48599	4.54925	-10.0439	4.55	-10.05	0.908954	2.72685
4.34474	-9.97187	-0.201859	2.44217	4.63224	-9.9707	4.6	-9.9	0.909756	2.72927
4.43862	-9.8005	0.0452083	2.53777	4.63755	-9.74952	4.65	-9.75	0.909752	2.72926
4.45783	-9.64339	0.0815051	2.58855	4.60757	-9.4335	4.7	-9.6	0.90859	2.72578
4.55636	-9.47376	0.300288	2.66579	4.74589	-9.4609	4.75	-9.45	0.908586	2.72576
4.6207	-9.35624	0.490523	2.45068	4.89179	-9.39473	4.85	-9.3	1.81967	2.72952
4.74871	-9.18344	0.726977	2.55297	4.94849	-9.13867	4.95	-9.15	1.81967	2.72951
4.82688	-9.07913	0.917426	2.33764	4.95209	-8.96272	5	-9.05	0.999884	1.99977
4.92445	-8.94783	1.03601	2.38274	5.04121	-8.94979	5.05	-8.95	0.999874	1.99974
5.00749	-8.82599	1.1261	2.31663	5.20806	-8.88942	5.15	-8.8	1.81805	2.72708
5.1338	-8.67044	1.27608	2.39305	5.26887	-8.63564	5.25	-8.65	1.81803	2.72705
5.24138	-8.57778	1.48299	2.17436	5.3785	-8.56768	5.35	-8.55	1.99956	1.99957
5.3568	-8.45026	1.57853	2.22625	5.44864	-8.42738	5.45	-8.45	1.99954	1.99954
5.46082	-8.34181	1.65357	2.14615	5.56465	-8.44845	5.5	-8.35	0.909045	1.81807
5.54646	-8.22916	1.64052	2.13364	5.53862	-8.24357	5.55	-8.25	0.909045	1.81808
5.6432	-8.10876	1.66867	2.12409	5.64921	-8.02513	5.7	-8.1	2.72608	2.72608
5.77059	-7.97427	1.75035	2.17305	5.85094	-7.95601	5.85	-7.95	2.72606	2.72606
5.88522	-7.86232	1.83963	2.09974	5.93492	-7.84119	5.95	-7.85	1.81801	1.81801
6.00768	-7.73807	1.88756	2.12601	6.05986	-7.73559	6.05	-7.75	1.81802	1.81801
6.11878	-7.62541	1.92501	2.0931	6.13741	-7.63243	6.15	-7.65	1.81798	1.81798
6.23054	-7.51558	1.93595	2.08511	6.25659	-7.54336	6.25	-7.55	1.81798	1.81798
6.34912	-7.41097	2.00035	2.02421	6.39143	-7.46358	6.35	-7.45	1.82027	1.82027
6.45166	-7.31634	1.98032	1.98762	6.452	-7.36418	6.45	-7.35	1.82025	1.82025
6.58381	-7.23475	2.19711	1.80553	6.47916	-7.09783	6.6	-7.25	2.99862	1.99908
6.70926	-7.13969	2.23047	1.82243	6.7556	-7.14598	6.75	-7.15	2.99862	1.99908
6.78955	-7.0138	1.9974	2.00525	6.68682	-6.93297	6.8	-7.05	0.908005	1.816
6.8868	-6.91762	1.96723	1.97026	6.86356	-6.94732	6.85	-6.95	0.908	1.81601
7.03337	-6.8369	2.19565	1.78329	7.08741	-6.92602	7	-6.85	2.72856	1.81904
7.15373	-6.74189	2.1941	1.77685	7.15695	-6.75136	7.15	-6.75	2.72854	1.81902
7.24964	-6.63265	2.03338	1.89014	7.29976	-6.68807	7.25	-6.65	1.8202	1.8202
7.35712	-6.53787	2.02238	1.86925	7.35505	-6.56058	7.35	-6.55	1.82018	1.82018
7.52797	-6.4858	2.4553	1.5603	7.53544	-6.5372	7.5	-6.5	2.99964	0.999884
7.64753	-6.42232	2.4447	1.52831	7.65664	-6.46417	7.65	-6.45	2.99964	0.999884
7.77093	-6.33959	2.40402	1.53449	7.67559	-6.34628	7.75	-6.4	1.81709	0.908549
7.88284	-6.28778	2.35494	1.45595	7.85193	-6.35845	7.85	-6.35	1.81709	0.908545
8.01115	-6.21298	2.34875	1.44611	8.03231	-6.28406	8	-6.25	2.72931	1.81954
8.13859	-6.13722	2.34453	1.43743	8.13749	-6.14586	8.15	-6.15	2.72928	1.81952
8.22481	-6.0487	2.14878	1.55904	8.21488	-6.01843	8.25	-6.05	1.99977	1.99976
8.33504	-5.96371	2.15607	1.57537	8.33626	-5.94674	8.35	-5.95	1.99977	1.99976
8.50079	-5.89664	2.45447	1.41048	8.50318	-5.89335	8.5	-5.9	2.72796	0.909326
8.63736	-5.82992	2.45472	1.38762	8.65894	-5.86309	8.65	-5.85	2.72796	0.909321
8.73215	-5.73631	2.18714	1.53242	8.77185	-5.74314	8.75	-5.75	1.81776	1.81775
8.85363	-5.64911	2.19007	1.53924	8.85444	-5.64273	8.85	-5.65	1.81774	1.81773
8.94714	-5.56584	2.0691	1.60146	9.02394	-5.6024	8.95	-5.55	1.99657	1.99656
9.05318	-5.47632	2.07597	1.62291	9.05088	-5.45385	9.05	-5.45	1.99654	1.99655
9.20987	-5.39943	2.38581	1.48024	9.04088	-5.29691	9.2	-5.4	2.72728	0.909094
9.34072	-5.3204	2.38455	1.4748	9.34223	-5.32623	9.35	-5.35	2.72727	0.90909
9.42378	-5.22424	2.0808	1.60629	9.39579	-5.21659	9.45	-5.25	1.81816	1.81815
9.5416	-5.13359	2.08756	1.61269	9.55303	-5.13194	9.55	-5.15	1.81813	1.81813
9.63705	-5.0443	1.94035	1.66349	9.75019	-5.14652	9.65	-5.05	1.82036	1.82036
9.74826	-4.94507	1.95052	1.68277	9.7586	-4.93134	9.75	-4.95	1.82036	1.82037
9.83849	-4.84686	1.81948	1.73699	9.9198	-4.86941	9.85	-4.85	1.81578	1.81577
9.94283	-4.74754	1.82776	1.74668	9.95641	-4.74358	9.95	-4.75	1.81575	1.81575
10.0198	-4.63787	1.67423	1.82061	10.0029	-4.54771	10.05	-4.6	1.82039	2.7306
10.1238	-4.50777	1.70187	1.89291	10.1428	-4.45119	10.15	-4.45	1.8204	2.7306
10.2081	-4.39063	1.63699	1.94071	10.1981	-4.26556	10.25	-4.3	1.81769	2.72652
10.319	-4.24021	1.68221	2.04695	10.3644	-4.16342	10.35	-4.15	1.81768	2.7265
10.4491	-4.12997	1.88748	2.00106	10.5985	-4.12247	10.45	-4.05	1.81792	1.81792
10.5552	-3.9959	1.89551	2.05683	10.5415	-3.9454	10.55	-3.95	1.8179	1.8179
10.6534	-3.87851	1.84149	2.08035	10.7092	-3.85166	10.65	-3.85	1.81903	1.81904
10.7568	-3.75902	1.84599	2.09279	10.7616	-3.75002	10.75	-3.75	1.81902	1.81903
10.7986	-3.63411	1.45577	2.18984	10.795	-3.60617	10.8	-3.6	0.909773	2.72931
10.8765	-3.49747	1.45426	2.22702	10.8527	-3.46164	10.85	-3.45	0.909764	2.72928
10.9833	-3.38356	1.6804	2.19397	10.9584	-3.30584	10.95	-3.3	1.99953	2.99928
11.0688	-3.23584	1.68798	2.28268	11.0447	-3.1561	11.05	-3.15	1.9995	2.99925
11.1074	-3.09759	1.32327	2.36852	11.1178	-2.98807	11.1	-3	0.907725	2.72317
11.178	-2.93439	1.32288	2.44437	11.1427	-2.86566	11.15	-2.85	0.907708	2.72314
11.2245	-2.79071	1.16321	2.48646	11.1491	-2.68183	11.2	-2.7	0.908929	2.72678
11.2861	-2.6207	1.16192	2.56382	11.2525	-2.55311	11.25	-2.55	0.908929	2.72678
11.2176	-2.47117	0.305116	2.68123	11.1188	-2.36202	11.2	-2.4	-0.909276	2.72782
11.2234	-2.30283	0.287746	2.72813	11.1594	-2.25598	11.15	-2.25	-0.909276	2.72782
11.3329	-2.14743	0.93898	2.67465	11.2029	-2.09837	11.25	-2.1	1.81915	2.72871
11.3801	-1.98649	0.932219	2.70662	11.3525	-1.95787	11.35	-1.95	1.81913	2.72869
11.3804	-1.83736	0.612057	2.73151	11.3011	-1.79507	11.35	-1.8	0	2.73035
11.4002	-1.68342	0.58871	2.73828	11.3326	-1.67041	11.35	-1.65	0	2.73033
11.3334	-1.54519	0.0125987	2.77318	11.0622	-1.44342	11.3	-1.5	-0.999165	2.99748
11.3223	-1.39134	-0.00643554	2.80701	11.2595	-1.35818	11.25	-1.35	-0.999155	2.99745
11.269	-1.24216	-0.336544	2.80854	11.1658	-1.23674	11.2	-1.25	-0.909822	1.81964
11.2328	-1.11381	-0.366145	2.74426	11.1524	-1.15803	11.15	-1.15	-0.909822	1.81964
11.1051	-0.98372	-1.04271	2.74609	10.8534	-0.929069	11.05	-0.95	-1.99817	3.99632
11.0385	-0.807272	-1.06715	2.83706	10.9584	-0.728742	10.95	-0.75	-1.99816	3.99632
10.9863	-0.650499	-0.99283	2.8368	10.8608	-0.663121	10.9	-0.649999	-0.908549	1.8171
10.9201	-0.5151	-1.01139	2.78611	10.8648	-0.553034	10.85	-0.549999	-0.908532	1.81708
10.8141	-0.377219	-1.36038	2.74823	10.8451	-0.437482	10.75	-0.45	-1.8174	1.81738
10.7247	-0.268475	-1.3824	2.64546	10.6542	-0.347474	10.65	-0.35	-1.8174	1.81738
10.5464	-0.151794	-2.06631	2.56535	10.5062	-0.245062	10.5	-0.25	-2.72796	1.81864
10.4181	-0.0594633	-2.08754	2.44768	10.3438	-0.150982	10.35	-0.15	-2.72796	1.81864
10.3259	0.0624941	-1.97523	2.42045	10.4884	-0.0812124	10.25	-0.0999996	-1.81964	0.909826
10.2081	0.111049	-1.98349	2.2175	10.1537	-0.0482457	10.15	-0.0499992	-1.81963	0.909818
10.0519	0.202729	-2.27374	2.13401	9.92588	0.00395802	10	9.49949e-007	-2.73049	0.910169
9.91774	0.221854	-2.28023	1.89798	9.85676	0.0351738	9.85	0.0500011	-2.73047	0.910161
9.75772	0.293521	-2.48802	1.80983	9.63973	0.0585714	9.7	0.0500011	-2.72439	0
9.61219	0.271263	-2.49104	1.51605	9.54669	0.0374948	9.55	0.0500011	-2.72438	0
9.4498	0.325297	-2.63551	1.43884	9.32242	0.112393	9.4	0.100001	-2.72773	0.90923
9.29761	0.319177	-2.64036	1.23274	9.24446	0.153574	9.25	0.15	-2.7277	0.909222
9.14263	0.364491	-2.68958	1.17576	9.0614	0.20077	9.1	0.2	-2.72652	0.908843
8.98868	0.372325	-2.69504	1.03783	8.94752	0.260272	8.95	0.25	-2.72653	0.908843
8.89155	0.412428	-2.35526	1.01107	8.90199	0.247143	8.85	0.25	-1.81847	0
8.76436	0.399195	-2.3459	0.843838	8.76016	0.263752	8.75	0.25	-1.81846	0
8.55055	0.41352	-2.90288	0.74063	8.46355	0.258809	8.55	0.25	-3.6326	0
8.38688	0.387286	-2.90421	0.577067	8.35367	0.252596	8.35	0.25	-3.6326	0
8.23273	0.396022	-2.82616	0.523867	8.05161	0.241868	8.2	0.25	-2.72841	0
8.07546	0.366604	-2.82527	0.381198	8.05411	0.247878	8.05	0.25	-2.72842	0
7.92946	0.362186	-2.73094	0.322083	7.78653	0.205765	7.9	0.2	-2.72708	-0.909025
7.77565	0.303263	-2.73227	0.133329	7.74339	0.144028	7.75	0.15	-2.72705	-0.909016
7.63348	0.27716	-2.72051	0.0501012	7.77346	0.0969346	7.6	0.100001	-2.73169	-0.910554
7.48101	0.204555	-2.7222	-0.136545	7.45362	0.0452052	7.45	0.0500011	-2.73169	-0.910554
7.31591	0.173353	-2.88103	-0.200076	7.15329	0.0425189	7.3	0.0500011	-2.99789	0
7.1717	0.121896	-2.88006	-0.30339	7.16618	0.0287673	7.15	0.0500011	-2.9979	0
7.08622	0.0764281	-2.409	-0.3723	7.17215	-0.0469302	7.05	-0.0499995	-1.81811	-1.81813
6.95462	-0.00668712	-2.40726	-0.529468	6.95426	-0.147757	6.95	-0.15	-1.8181	-1.81811
6.85834	-0.0775761	-2.15566	-0.637366	6.83008	-0.250179	6.85	-0.25	-1.81646	-1.81646
6.74396	-0.183807	-2.15028	-0.816913	6.76395	-0.345347	6.75	-0.35	-1.81645	-1.81645
6.66602	-0.276098	-1.89615	-0.945183	6.74798	-0.457727	6.65	-0.45	-1.81901	-1.819
6.55818	-0.40007	-1.907	-1.12803	6.54569	-0.565853	6.55	-0.549999	-1.81899	-1.81898
6.53407	-0.535641	-1.35912	-1.34866	6.565	-0.754748	6.5	-0.749999	-0.909789	-3.63914
6.45476	-0.708763	-1.37852	-1.60099	6.4494	-0.940848	6.45	-0.949999	-0.909781	-3.63911
6.41741	-0.860113	-1.15508	-1.80731	6.44213	-1.11266	6.4	-1.1	-1.0002	-3.00061
6.35252	-1.03953	-1.18383	-2.03469	6.34405	-1.26138	6.35	-1.25	-1.0002	-3.00061
6.31544	-1.18949	-1.03534	-2.18095	6.39474	-1.36501	6.3	-1.35	-1.00035	-2.00072
6.25927	-1.33487	-1.05231	-2.2737	6.25356	-1.42931	6.25	-1.45	-1.00036	-2.00072
6.27152	-1.51485	-0.571879	-2.53441	6.24787	-1.61119	6.25	-1.6	0	-2.99288
6.23861	-1.67214	-0.588867	-2.61129	6.23547	-1.75335	6.25	-1.75	0	-2.99285
6.27874	-1.87093	-0.0927091	-2.86375	6.41111	-1.93027	6.3	-1.9	0.909739	-2.72921
6.28599	-2.03267	-0.0725265	-2.87267	6.34873	-2.05372	6.35	-2.05	0.909735	-2.72921
6.29475	-2.19306	-0.0445214	-2.87872	6.53066	-2.26346	6.35	-2.2	0	-2.72782
6.30692	-2.34473	-0.0154474	-2.85977	6.36917	-2.33894	6.35	-2.35	0	-2.72779
6.31245	-2.51304	0.0473704	-2.90918	6.27034	-2.51837	6.35	-2.55	0	-3.63689
6.31744	-2.68851	0.0452311	-2.9465	6.34287	-2.73391	6.35	-2.75	0	-3.63689
6.36719	-2.88809	0.363669	-3.14512	6.45883	-2.92313	6.4	-2.9	0.908854	-2.72658
6.39724	-3.0588	0.383293	-3.1374	6.43866	-3.06257	6.45	-3.05	0.908859	-2.72658
6.43815	-3.23506	0.498297	-3.18356	6.49154	-3.20004	6.5	-3.2	0.908863	-2.72658
6.48374	-3.38744	0.542719	-3.12553	6.53579	-3.34211	6.55	-3.35	0.908855	-2.72655
6.53356	-3.55243	0.615339	-3.12211	6.70146	-3.53446	6.6	-3.5	0.908714	-2.72613
6.58917	-3.69607	0.669403	-3.0511	6.64657	-3.63945	6.65	-3.65	0.908702	-2.72611
6.64285	-3.86202	0.753661	-3.07351	6.70956	-3.81739	6.7	-3.8	0.909565	-2.72871
6.70246	-4.0083	0.798632	-3.01658	6.74885	-3.96368	6.75	-3.95	0.909561	-2.72869
6.74633	-4.15856	0.780932	-2.96448	6.73758	-4.06653	6.8	-4.1	0.908566	-2.72568
6.80888	-4.2986	0.828845	-2.90663	6.85796	-4.25464	6.85	-4.25	0.908561	-2.72569
6.90523	-4.48249	1.1147	-3.07987	7.10395	-4.4909	6.95	-4.4	1.81821	-2.72732
6.99112	-4.62019	1.1762	-3.00166	7.04679	-4.55716	7.05	-4.55	1.81822	-2.72732
7.04927	-4.76322	1.11769	-2.9157	7.02393	-4.64459	7.1	-4.7	0.91085	-2.73253
7.12104	-4.90279	1.14688	-2.86705	7.13435	-4.85502	7.15	-4.85	0.910837	-2.73251
7.16847	-5.02145	1.03886	-2.74338	7.24619	-4.97657	7.2	-4.95	1.00033	-2.00068
7.23598	-5.12616	1.08354	-2.66734	7.25317	-5.04605	7.25	-5.05	1.00033	-2.00066
7.33247	-5.28504	1.39429	-2.88667	7.22054	-5.09604	7.35	-5.2	1.9976	-2.9964
7.41577	-5.40573	1.43095	-2.83046	7.43604	-5.34825	7.45	-5.35	1.9976	-2.9964
7.45431	-5.51255	1.14099	-2.55974	7.40989	-5.38617	7.5	-5.45	0.908252	-1.8165
7.53287	-5.62727	1.18273	-2.49786	7.55662	-5.56714	7.55	-5.55	0.908244	-1.81648
7.61436	-5.77182	1.34637	-2.6115	7.39379	-5.52612	7.65	-5.7	1.81785	-2.72677
7.71203	-5.88953	1.40319	-2.54806	7.76459	-5.8425	7.75	-5.85	1.81785	-2.72677
7.75482	-5.9909	1.12982	-2.3013	7.84699	-6.00602	7.8	-5.95	0.909078	-1.81815
7.83297	-6.09415	1.17056	-2.2461	7.85921	-6.04502	7.85	-6.05	0.909073	-1.81815
7.92876	-6.2385	1.39087	-2.41364	7.89511	-6.1416	7.95	-6.2	1.8197	-2.72955
8.01831	-6.36388	1.41949	-2.394	8.05619	-6.36041	8.05	-6.35	1.81969	-2.72953
8.12298	-6.51343	1.57321	-2.51153	8.2234	-6.53735	8.15	-6.5	1.8187	-2.72807
8.22063	-6.64682	1.59697	-2.49799	8.25446	-6.64851	8.25	-6.65	1.81869	-2.72804
8.27069	-6.74684	1.31884	-2.25078	8.32206	-6.77114	8.3	-6.75	0.908979	-1.81795
8.33958	-6.86442	1.31405	-2.23874	8.31728	-6.8399	8.35	-6.85	0.908979	-1.81795
8.40693	-6.98735	1.31839	-2.2517	8.2713	-6.91098	8.4	-7	0.909094	-2.72732
8.46637	-7.12631	1.28686	-2.28773	8.44183	-7.15372	8.45	-7.15	0.909102	-2.72732
8.56507	-7.27975	1.48842	-2.47131	8.54154	-7.25975	8.55	-7.3	1.81751	-2.72628
8.64509	-7.42962	1.47943	-2.501	8.65899	-7.4699	8.65	-7.45	1.81752	-2.72628
8.69832	-7.54003	1.24702	-2.28953	8.83598	-7.68162	8.7	-7.55	0.908615	-1.81723
8.76942	-7.65903	1.25457	-2.27419	8.76769	-7.64094	8.75	-7.65	0.908607	-1.81721
8.86464	-7.8099	1.46037	-2.46496	8.77916	-7.72457	8.85	-7.8	1.8215	-2.73224
8.94725	-7.94588	1.46496	-2.46551	8.95669	-7.95155	8.95	-7.95	1.82148	-2.73221
9.02913	-8.08297	1.5073	-2.5187	9.1081	-8.22433	9	-8.1	0.999025	-2.99707
9.08917	-8.22236	1.47175	-2.55129	9.05476	-8.24211	9.05	-8.25	0.999015	-2.99704
9.12433	-8.32018	1.14841	-2.2497	9.13825	-8.4037	9.1	-8.35	0.908285	-1.81657
9.17499	-8.44997	1.1212	-2.26601	9.14025	-8.44981	9.15	-8.45	0.908268	-1.81655
9.24516	-8.58581	1.18926	-2.33834	9.22081	-8.59155	9.2	-8.6	0.91012	-2.73036
9.29059	-8.7325	1.14277	-2.38201	9.25031	-8.76071	9.25	-8.75	0.910112	-2.73033
9.35461	-8.87133	1.16768	-2.42228	9.30208	-8.90831	9.3	-8.9	0.909524	-2.72856
9.39538	-9.02278	1.11401	-2.46697	9.34431	-9.04587	9.35	-9.05	0.909524	-2.72856
9.45977	-9.1621	1.19233	-2.56205	9.39993	-9.18842	9.4	-9.2	0.999066	-2.99725
9.49273	-9.31864	1.12822	-2.62796	9.4452	-9.37195	9.45	-9.35	0.999075	-2.99724
9.5484	-9.46034	1.10007	-2.60813	9.48751	-9.46421	9.5	-9.5	0.909706	-2.7291
9.58942	-9.62087	1.05458	-2.64894	9.55098	-9.64789	9.55	-9.65	0.909706	-2.7291
9.64171	-9.75761	1.0708	-2.6771	9.57122	-9.75525	9.6	-9.8	1.00048	-3.00143
9.67203	-9.91093	1.01675	-2.72368	9.62408	-9.94149	9.65	-9.95	1.00046	-3.00141
9.70405	-10.0267	0.905225	-2.60373	9.61433	-9.96417	9.7	-10.05	0.998785	-1.99755
9.74906	-10.1557	0.905134	-2.60107	9.7457	-10.1502	9.75	-10.15	0.998775	-1.99754
9.77089	-10.2676	0.70346	-2.38124	9.77731	-10.3295	9.75	-10.3	0	-2.72851
9.79288	-10.4159	0.663245	-2.42111	9.76557	-10.4501	9.75	-10.45	0	-2.72849
9.84614	-10.5745	0.771018	-2.55657	9.89592	-10.7137	9.8	-10.6	0.909012	-2.72704
9.87445	-10.7287	0.737399	-2.58795	9.85066	-10.7537	9.85	-10.75	0.909012	-2.72703
9.89347	-10.8431	0.62276	-2.47115	9.84397	-10.9287	9.85	-10.9	0	-3.00318
9.89828	-10.9942	0.559021	-2.53385	9.85693	-11.0512	9.85	-11.05	0	-3.00316
9.91998	-11.1205	0.557444	-2.54781	9.74773	-11.0482	9.85	-11.2	0	-3.00013
9.90976	-11.2843	0.466212	-2.63114	9.84407	-11.3565	9.85	-11.35	0	-3.00012
9.93114	-11.4247	0.484808	-2.67909	9.79495	-11.4686	9.85	-11.5	0	-2.99592
9.91601	-11.5909	0.392226	-2.75389	9.83943	-11.6467	9.85	-11.65	0	-2.99592
9.88351	-11.6729	0.0217442	-2.29313	9.76634	-11.6976	9.8	-11.75	-0.908731	-1.81746
9.84158	-11.825	-0.0766784	-2.35638	9.74774	-11.8511	9.75	-11.85	-0.908731	-1.81746
9.82683	-11.9502	-0.146722	-2.28983	9.7856	-12.1262	9.7	-12	-0.909591	-2.72875
9.76235	-12.11	-0.276043	-2.37201	9.64482	-12.1455	9.65	-12.15	-0.909582	-2.72873
9.73527	-12.2369	-0.323845	-2.33781	9.57233	-12.2948	9.6	-12.3	-0.908879	-2.72667
9.66007	-12.4045	-0.457322	-2.42915	9.55167	-12.4583	9.55	-12.45	-0.908879	-2.72665
9.58899	-12.4783	-0.744682	-2.04637	9.37132	-12.4833	9.45	-12.55	-1.82006	-1.82006
9.4862	-12.6235	-0.886068	-2.12625	9.359	-12.6499	9.35	-12.65	-1.82005	-1.82005
9.39055	-12.6587	-1.21372	-1.66755	9.16109	-12.6848	9.2	-12.75	-3.00047	-2.00033
9.23286	-12.7917	-1.43545	-1.78917	9.028	-12.8337	9.05	-12.85	-3.00048	-2.00033
9.11826	-12.842	-1.64221	-1.49282	8.85918	-12.7953	8.95	-12.9	-1.81543	-0.907707
8.96794	-12.9519	-1.77882	-1.56111	8.84257	-12.9684	8.85	-12.95	-1.81542	-0.907708
8.85359	-13.0208	-1.85977	-1.45658	8.66865	-13.0114	8.7	-13.05	-2.73134	-1.82089
8.68652	-13.1293	-2.0083	-1.52677	8.55319	-13.1445	8.55	-13.15	-2.73135	-1.82089
8.52721	-13.0951	-2.4067	-0.842019	8.27267	-12.996	8.4	-13.15	-2.99683	0
8.36103	-13.1528	-2.51017	-0.882811	8.25965	-13.1488	8.25	-13.15	-2.9968	0
8.21666	-13.1996	-2.51046	-0.902453	8.04571	-13.0646	8.1	-13.2	-2.72707	-0.909028
8.04096	-13.2601	-2.59545	-0.931823	7.95841	-13.2508	7.95	-13.25	-2.72705	-0.90902
7.87995	-13.2723	-2.74644	-0.647074	7.866	-13.4154	7.8	-13.25	-2.7295	0
7.70096	-13.3039	-2.80628	-0.646309	7.62489	-13.249	7.65	-13.25	-2.7295	0
7.54751	-13.3048	-2.90393	-0.44611	7.50783	-13.2944	7.5	-13.25	-2.99994	0
7.38985	-13.3152	-2.92708	-0.427689	7.3419	-13.2474	7.35	-13.25	-2.99994	0
7.20664	-13.2707	-3.11255	-0.00293216	7.19781	-13.1973	7.2	-13.2	-2.72698	0.908995
7.04884	-13.2466	-3.07528	0.0441299	7.04935	-13.1606	7.05	-13.15	-2.72695	0.908987
6.8696	-13.2161	-3.13617	0.188149	6.79473	-13.0433	6.85	-13.15	-3.63709	0
6.68569	-13.1999	-3.15966	0.196384	6.65123	-13.1604	6.65	-13.15	-3.63709	0
6.51614	-13.1502	-3.26878	0.468318	6.54115	-13.2079	6.5	-13.1	-3.0006	1.00018
6.35936	-13.1092	-3.24839	0.500927	6.35317	-13.0396	6.35	-13.05	-3.0006	1.00019
6.20122	-13.1403	-3.09043	0.112012	6.27012	-13.1139	6.25	-13.05	-1.81729	0
6.07493	-13.1084	-2.98508	0.166706	6.14459	-13.0471	6.15	-13.05	-1.81729	0
5.89643	-13.0205	-3.14973	0.666255	5.99498	-12.9442	6	-12.95	-2.72861	1.81906
5.78052	-12.9453	-3.01026	0.745936	5.86379	-12.8408	5.85	-12.85	-2.72861	1.81907
5.63147	-12.8897	-3.03555	0.860352	5.73761	-12.8672	5.7	-12.8	-2.99988	0.999964
5.50975	-12.8229	-2.96092	0.907871	5.55118	-12.7486	5.55	-12.75	-2.99985	0.999954
5.36979	-12.7871	-2.9217	0.833591	5.45236	-12.7392	5.45	-12.7	-2.00001	1
5.27316	-12.7176	-2.8021	0.891704	5.35556	-12.6423	5.35	-12.65	-1.99998	0.999994
5.13126	-12.6303	-2.86608	1.15401	5.26451	-12.5511	5.25	-12.55	-1.99732	1.99733
5.04466	-12.538	-2.72747	1.22492	5.13769	-12.4355	5.15	-12.45	-1.9973	1.9973
4.90347	-12.4571	-2.73816	1.34095	5.1317	-12.5744	5.05	-12.35	-1.8206	1.82059
4.82508	-12.3455	-2.56464	1.42071	4.94432	-12.2438	4.95	-12.25	-1.82058	1.82058
4.69038	-12.198	-2.69419	1.92183	4.89215	-12.1623	4.85	-12.1	-1.9998	2.99969
4.62785	-12.0639	-2.51984	2.00125	4.75047	-11.9578	4.75	-11.95	-1.9998	2.9997
4.51834	-11.9788	-2.44006	1.85238	4.6421	-11.7788	4.7	-11.85	-1.00002	2.00003
4.48281	-11.8479	-2.23297	1.93519	4.63967	-11.7513	4.65	-11.75	-1.00001	2.00002
4.37449	-11.7076	-2.28321	2.20485	4.58347	-11.632	4.6	-11.6	-0.998955	2.99688
4.36638	-11.5551	-2.03014	2.29854	4.56619	-11.4576	4.55	-11.45	-0.99896	2.99689
4.27419	-11.4099	-2.03647	2.45134	4.46846	-11.2092	4.5	-11.3	-1.00106	3.00319
4.27228	-11.2457	-1.7979	2.54411	4.46017	-11.1425	4.45	-11.15	-1.00106	3.00319
4.21302	-11.1639	-1.59975	2.12065	4.43672	-11.0976	4.45	-11.05	0	1.8168
4.23254	-11.0119	-1.34543	2.20473	4.43803	-10.9525	4.45	-10.95	0	1.81679
4.18019	-10.8792	-1.32819	2.30857	4.40556	-10.7068	4.45	-10.8	0	3.00139
4.22885	-10.7258	-1.05614	2.40061	4.45507	-10.6618	4.45	-10.65	0	3.00138
4.21806	-10.6508	-0.864434	2.06005	4.44716	-10.5583	4.45	-10.55	0	2.00041
4.26822	-10.5126	-0.642641	2.14425	4.45187	-10.4417	4.45	-10.45	0	2.00038
4.25489	-10.3943	-0.595411	2.16629	4.45602	-10.2142	4.5	-10.3	0.999584	2.99875
4.33607	-10.2391	-0.330818	2.27749	4.55349	-10.1343	4.55	-10.15	0.999574	2.99871
4.33135	-10.092	-0.326615	2.39492	4.56608	-10.005	4.55	-10	0	2.72717
4.39846	-9.92245	-0.123913	2.48575	4.55922	-9.84124	4.55	-9.85	0	2.72714
4.4286	-9.8028	0.0263522	2.31215	4.62339	-9.6559	4.65	-9.7	1.8193	2.72895
4.53865	-9.62773	0.284194	2.43024	4.7439	-9.53522	4.75	-9.55	1.81929	2.72894
4.56461	-9.47799	0.282575	2.55846	4.74852	-9.27389	4.8	-9.4	1.00006	3.00019
4.66722	-9.31114	0.491737	2.65727	4.8446	-9.24095	4.85	-9.25	1.00005	3.00015
4.76117	-9.23515	0.818919	2.22499	4.98605	-9.20516	4.95	-9.15	2.00004	2.00005
4.87389	-9.09059	0.988221	2.31061	5.02283	-9.03066	5.05	-9.05	2.00004	2.00004
4.92264	-8.9497	0.923346	2.48024	5.12819	-8.95913	5.1	-8.9	0.999704	2.99911
5.02521	-8.79468	1.05698	2.55821	5.14109	-8.73073	5.15	-8.75	0.999689	2.99907
5.14266	-8.70321	1.34646	2.20852	5.33883	-8.81618	5.25	-8.65	1.81848	1.81849
5.26046	-8.56789	1.44663	2.25106	5.36408	-8.56805	5.35	-8.55	1.81846	1.81846
5.32662	-8.4314	1.38195	2.3823	5.38848	-8.31037	5.45	-8.4	2.00068	3.00103
5.44028	-8.28879	1.48579	2.44505	5.53874	-8.25196	5.55	-8.25	2.00066	3.00099
5.55848	-8.19157	1.72423	2.20397	5.56632	-8.04704	5.65	-8.15	1.99952	1.99953
5.6744	-8.0673	1.79233	2.24352	5.7459	-8.05196	5.75	-8.05	1.9995	1.9995
5.758	-7.94509	1.74696	2.30675	5.78426	-7.91676	5.8	-7.95	0.999944	1.99989
5.8425	-7.84068	1.73761	2.28432	5.84978	-7.88144	5.85	-7.85	0.999939	1.99988
5.94391	-7.73616	1.82578	2.19678	5.92249	-7.69769	5.95	-7.75	1.99772	1.99772
6.03493	-7.6305	1.82371	2.18819	6.04031	-7.64732	6.05	-7.65	1.99771	1.9977
6.1502	-7.52276	1.91159	2.10046	6.16773	-7.55437	6.15	-7.55	1.8199	1.8199
6.2472	-7.41938	1.89126	2.07284	6.23866	-7.45306	6.25	-7.45	1.8199	1.81991
6.38185	-7.33962	2.15484	1.8367	6.25322	-7.17734	6.4	-7.35	2.99605	1.99736
6.50586	-7.24273	2.18992	1.85397	6.55461	-7.24907	6.55	-7.25	2.99605	1.99736
6.65253	-7.16277	2.35002	1.70654	6.67172	-7.23041	6.65	-7.2	1.8206	0.910303
6.76557	-7.09343	2.31004	1.64947	6.74664	-7.15616	6.75	-7.15	1.8206	0.910298
6.85063	-6.99596	2.1399	1.77507	6.79888	-6.99594	6.85	-7.05	1.99848	1.99848
6.95226	-6.92082	2.12483	1.7445	6.95342	-6.96092	6.95	-6.95	1.99846	1.99846
7.09797	-6.84568	2.28798	1.61223	7.17955	-6.9446	7.1	-6.85	2.72688	1.81792
7.23258	-6.74689	2.3086	1.63714	7.24929	-6.7261	7.25	-6.75	2.72688	1.81792
7.33217	-6.64296	2.11934	1.77377	7.42782	-6.72337	7.35	-6.65	1.81821	1.81821
7.45198	-6.54498	2.12602	1.7761	7.46332	-6.54842	7.45	-6.55	1.81821	1.81821
7.58094	-6.46067	2.21591	1.69572	7.54452	-6.5069	7.55	-6.5	1.81726	0.908632
7.68301	-6.39817	2.16811	1.62163	7.65373	-6.46481	7.65	-6.45	1.81726	0.908632
7.84531	-6.34121	2.44363	1.41665	7.8635	-6.45394	7.8	-6.4	2.72951	0.909839
7.96391	-6.28928	2.40578	1.35447	7.94162	-6.34466	7.95	-6.35	2.72948	0.909826
8.04083	-6.20107	2.16803	1.49704	7.89525	-6.11857	8.05	-6.25	2.00047	2.00048
8.14202	-6.13318	2.1522	1.47896	8.12355	-6.14389	8.15	-6.15	2.00048	2.00048
8.27252	-6.05526	2.21729	1.44683	8.31422	-6.05705	8.3	-6.05	2.72702	1.81801
8.40796	-5.96977	2.24489	1.46534	8.45315	-5.97158	8.45	-5.95	2.727	1.818
8.5178	-5.89559	2.22695	1.47559	8.53167	-5.90349	8.55	-5.9	2.00127	1.00064
8.63095	-5.82426	2.22981	1.4712	8.64207	-5.83392	8.65	-5.85	2.00128	1.00064
8.77223	-5.76266	2.39331	1.38783	8.88764	-5.82241	8.8	-5.75	2.99963	1.99976
8.90616	-5.67588	2.42466	1.43182	8.94256	-5.64534	8.95	-5.65	2.99961	1.99974
9.00782	-5.59291	2.24826	1.53336	9.21669	-5.64514	9.05	-5.55	1.99699	1.997
9.13184	-5.49557	2.27484	1.58325	9.15342	-5.45253	9.15	-5.45	1.997	1.99701
9.22963	-5.39328	2.10666	1.67392	9.16723	-5.29709	9.25	-5.35	1.8166	1.81659
9.35101	-5.28166	2.12129	1.71929	9.34852	-5.23619	9.35	-5.25	1.8166	1.81659
9.44747	-5.17682	2.00173	1.78014	9.39027	-5.1041	9.45	-5.15	1.8222	1.82219
9.55651	-5.07051	2.00207	1.79918	9.54207	-5.04728	9.55	-5.05	1.82219	1.82219
9.67733	-4.99079	2.14876	1.72801	9.62802	-5.02338	9.65	-5	1.99604	0.998028
9.7754	-4.91835	2.12831	1.6927	9.75	-4.94288	9.75	-4.95	1.99605	0.998028
9.86167	-4.81998	1.92662	1.76245	9.88102	-4.86216	9.85	-4.85	1.81895	1.81894
9.96046	-4.73693	1.91085	1.72865	9.94502	-4.76247	9.95	-4.75	1.81894	1.81894
10.0369	-4.63262	1.71398	1.80526	10.0747	-4.62454	10.05	-4.6	1.81966	2.72951
10.1378	-4.50732	1.73116	1.86679	10.1384	-4.4533	10.15	-4.45	1.81965	2.72948
10.2295	-4.39917	1.71863	1.88145	10.1743	-4.32841	10.25	-4.35	1.81908	1.81907
10.3312	-4.28238	1.73403	1.91424	10.3492	-4.25956	10.35	-4.25	1.81908	1.81907
10.4182	-4.18145	1.70003	1.94008	10.56	-4.15868	10.45	-4.1	2.00061	3.0009
10.5204	-4.04168	1.7378	2.04361	10.5557	-3.96034	10.55	-3.95	2.0006	3.0009
10.6381	-3.93775	1.90317	2.01832	10.7738	-3.89129	10.65	-3.85	1.99963	1.99964
10.7392	-3.80829	1.91829	2.08581	10.7394	-3.74821	10.75	-3.75	1.99962	1.99962
10.7609	-3.68669	1.42622	2.22128	10.7674	-3.58281	10.8	-3.6	0.999844	2.99952
10.8442	-3.52941	1.45391	2.33169	10.8596	-3.4348	10.85	-3.45	0.999834	2.99949
10.9559	-3.41207	1.70759	2.29017	10.9601	-3.36033	10.95	-3.35	2.00065	2.00064
11.045	-3.28239	1.71604	2.32656	11.0504	-3.25128	11.05	-3.25	2.00064	2.00064
11.0708	-3.15638	1.32456	2.40939	11.0282	-3.07488	11.1	-3.1	0.998546	2.99563
11.1444	-3.00545	1.34049	2.48195	11.1569	-2.944	11.15	-2.95	0.998526	2.9956
11.1358	-2.86061	0.788212	2.5795	11.1386	-2.78926	11.15	-2.8	0	2.73104
11.1753	-2.69784	0.78333	2.62807	11.141	-2.65084	11.15	-2.65	0	2.73102
11.1761	-2.55259	0.518056	2.66078	11.1042	-2.54354	11.15	-2.55	0	1.81785
11.1932	-2.42619	0.496809	2.61144	11.1497	-2.45904	11.15	-2.45	0	1.81785
11.2913	-2.29378	1.01107	2.55784	11.1658	-2.25651	11.25	-2.25	1.99733	3.99465
11.3484	-2.12699	1.02427	2.65045	11.3591	-2.05184	11.35	-2.05	1.99733	3.99465
11.3543	-1.97883	0.697598	2.68378	11.3117	-1.92025	11.35	-1.95	0	1.81854
11.3845	-1.84443	0.683153	2.65114	11.3504	-1.8663	11.35	-1.85	0	1.81853
11.3936	-1.7002	0.486369	2.66192	11.4185	-1.70062	11.35	-1.7	0	2.72762
11.4099	-1.54769	0.468686	2.67475	11.3568	-1.53205	11.35	-1.55	0	2.72762
11.3426	-1.40615	-0.133526	2.69364	11.2541	-1.38373	11.3	-1.4	-0.908846	2.72653
11.3197	-1.25417	-0.160092	2.70035	11.2429	-1.24238	11.25	-1.25	-0.908846	2.72653
11.2139	-1.11328	-0.776343	2.70565	11.0754	-1.08747	11.15	-1.1	-1.82014	2.73021
11.1517	-0.95296	-0.809685	2.73081	11.0544	-0.927069	11.05	-0.949999	-1.82013	2.73021
11.0767	-0.817991	-1.00413	2.73053	10.9247	-0.791254	11	-0.799999	-1.00036	3.00107
11.013	-0.668159	-1.02682	2.7607	10.9434	-0.640459	10.95	-0.65	-1.00035	3.00104
10.8879	-0.536887	-1.48103	2.74604	10.7146	-0.485949	10.85	-0.5	-2.00003	3.00006
10.8031	-0.387396	-1.49919	2.774	10.7471	-0.362528	10.75	-0.35	-2.00002	3.00003
10.7049	-0.243744	-1.60225	2.75121	10.6895	-0.304531	10.65	-0.3	-1.81779	0.908892
10.6052	-0.152058	-1.61748	2.60762	10.547	-0.266677	10.55	-0.25	-1.81778	0.908893
10.4492	-0.0481164	-2.14284	2.53225	10.5032	-0.154501	10.4	-0.15	-3.00061	2.00041
10.3273	0.0366729	-2.16366	2.43106	10.2485	-0.0475524	10.25	-0.0499992	-3.0006	2.00041
10.2283	0.139573	-2.07945	2.38812	10.1407	-0.0721585	10.15	-0.0499992	-1.99645	0
10.1115	0.157427	-2.09052	2.14307	10.0313	-0.0518611	10.05	-0.0499992	-1.99644	0
9.96795	0.242115	-2.31994	2.05396	10.0898	-0.00166396	9.9	9.49949e-007	-2.73175	0.910584
9.82831	0.252459	-2.33092	1.80694	9.74695	0.0464954	9.75	0.0500011	-2.73174	0.910584
9.66104	0.310092	-2.64269	1.71423	9.50402	0.0833188	9.6	0.100001	-2.99544	0.998471
9.52009	0.315917	-2.64939	1.52085	9.45825	0.149456	9.45	0.15	-2.99545	0.998471
9.41012	0.380017	-2.36589	1.48604	9.22819	0.16178	9.35	0.15	-1.81963	0
9.27836	0.355215	-2.35939	1.22854	9.24456	0.139817	9.25	0.15	-1.81962	0
9.11998	0.38864	-2.62787	1.14844	9.0729	0.205961	9.1	0.2	-3.00059	1.0002
8.98688	0.383181	-2.62536	0.995852	8.96281	0.250937	8.95	0.25	-3.0006	1.0002
8.83772	0.410523	-2.75156	0.935164	8.84168	0.257617	8.8	0.25	-2.99995	0
8.69563	0.390499	-2.75352	0.772461	8.65606	0.24536	8.65	0.25	-2.99994	0
8.54685	0.40676	-2.80516	0.715189	8.43549	0.247188	8.5	0.25	-2.99323	0
8.39818	0.383345	-2.81397	0.570236	8.34184	0.250769	8.35	0.25	-2.9932	0
8.25639	0.393157	-2.73477	0.520267	8.27073	0.243988	8.2	0.25	-2.73233	0
8.09697	0.371318	-2.74717	0.39648	8.03847	0.260731	8.05	0.25	-2.73234	0
7.95426	0.36476	-2.7959	0.329171	7.98053	0.204587	7.9	0.2	-3.00234	-1.00078
7.80378	0.310225	-2.80946	0.154141	7.73327	0.149199	7.75	0.15	-3.00231	-1.00077
7.6383	0.292649	-2.94124	0.0875389	7.46173	0.143776	7.6	0.15	-2.99599	0
7.48648	0.252556	-2.94659	-0.0226657	7.45455	0.149294	7.45	0.15	-2.99596	0
7.39339	0.227507	-2.47554	-0.0711266	7.37986	0.0951006	7.35	0.100001	-1.81801	-0.908998
7.2601	0.171796	-2.46895	-0.200152	7.26713	0.055036	7.25	0.0500011	-1.81801	-0.908998
7.11561	0.127053	-2.58333	-0.286716	7.32548	-0.0461763	7.1	-0.0499995	-2.72495	-1.81664
6.96764	0.0361953	-2.59216	-0.474931	6.93127	-0.133333	6.95	-0.15	-2.72492	-1.81662
6.93983	-0.0459326	-1.85713	-0.618973	7.09668	-0.264116	6.9	-0.25	-0.910634	-1.82126
6.84008	-0.160261	-1.85466	-0.82154	6.84796	-0.34284	6.85	-0.35	-0.910622	-1.82124
6.67233	-0.234668	-2.35527	-0.892104	6.64638	-0.45061	6.7	-0.45	-2.99641	-1.99759
6.55272	-0.355076	-2.36269	-1.08416	6.54772	-0.536719	6.55	-0.549999	-2.99637	-1.99757
6.51124	-0.491918	-1.75528	-1.31499	6.50462	-0.718	6.5	-0.7	-0.909955	-2.72986
6.41933	-0.648287	-1.75679	-1.52887	6.45451	-0.851695	6.45	-0.85	-0.909955	-2.72986
6.39582	-0.797023	-1.31132	-1.75621	6.42547	-0.999512	6.4	-1	-0.999224	-2.99766
6.33074	-0.962932	-1.32441	-1.95503	6.3554	-1.1624	6.35	-1.15	-0.99921	-2.99763
6.27282	-1.12413	-1.17118	-2.11784	6.14523	-1.27904	6.3	-1.3	-0.908722	-2.72618
6.20767	-1.30069	-1.18702	-2.27054	6.2299	-1.45381	6.25	-1.45	-0.908718	-2.72616
6.26199	-1.51599	-0.356178	-2.65271	6.37158	-1.60661	6.3	-1.6	0.910485	-2.73144
6.2579	-1.68406	-0.336064	-2.70724	6.34473	-1.75136	6.35	-1.75	0.910481	-2.73144
6.26672	-1.8427	-0.16751	-2.80338	6.34	-1.88987	6.35	-1.9	0	-2.99515
6.27408	-1.99487	-0.144585	-2.83013	6.35828	-2.03886	6.35	-2.05	0	-2.99515
6.28207	-2.16249	-0.0710833	-2.87576	6.45002	-2.23466	6.35	-2.2	0	-2.72856
6.28877	-2.32356	-0.0533095	-2.88119	6.34057	-2.34076	6.35	-2.35	0	-2.72854
6.34008	-2.5184	0.295643	-3.0716	6.4979	-2.56206	6.4	-2.5	0.908227	-2.7247
6.37639	-2.67276	0.338384	-3.03173	6.45265	-2.65056	6.45	-2.65	0.908223	-2.72467
6.36889	-2.80698	0.112236	-2.86811	6.46538	-2.81029	6.45	-2.8	0	-2.72732
6.39256	-2.95356	0.1494	-2.83753	6.45762	-2.94003	6.45	-2.95	0	-2.7273
6.44411	-3.14405	0.480641	-3.04543	6.36717	-3.08903	6.5	-3.15	0.909078	-3.6363
6.48369	-3.31499	0.503528	-3.0506	6.54349	-3.33906	6.55	-3.35	0.90907	-3.63626
6.52658	-3.49016	0.576832	-3.09162	6.6454	-3.53435	6.6	-3.5	0.910038	-2.7301
6.57787	-3.65699	0.614987	-3.07975	6.65608	-3.67065	6.65	-3.65	0.910033	-2.7301
6.61744	-3.81985	0.618399	-3.05627	6.70981	-3.81998	6.7	-3.8	0.908095	-2.7243
6.67307	-3.97413	0.665727	-3.01843	6.74422	-3.95901	6.75	-3.95	0.908091	-2.72428
6.70446	-4.11983	0.604402	-2.93514	6.72525	-4.05329	6.8	-4.1	0.910949	-2.73284
6.76126	-4.26685	0.655961	-2.89671	6.83817	-4.25449	6.85	-4.25	0.910945	-2.73284
6.78381	-4.38232	0.537616	-2.75763	6.86491	-4.32753	6.9	-4.35	0.999834	-1.99968
6.84493	-4.49321	0.615311	-2.68691	6.94879	-4.45387	6.95	-4.45	0.999829	-1.99966
6.92905	-4.6574	0.956083	-2.91194	6.99339	-4.57763	7.05	-4.6	1.99653	-2.99479
7.01518	-4.78209	1.03853	-2.85309	7.14339	-4.76622	7.15	-4.75	1.99653	-2.99479
7.0585	-4.89514	0.936371	-2.71901	7.11889	-4.79341	7.2	-4.85	1.00098	-2.00196
7.14417	-4.9985	1.02552	-2.63524	7.25883	-4.94719	7.25	-4.95	1.00097	-2.00194
7.20345	-5.13179	1.0089	-2.58867	7.28536	-5.09276	7.3	-5.1	0.90969	-2.72906
7.2786	-5.26143	1.05255	-2.55492	7.33925	-5.24908	7.35	-5.25	0.909677	-2.72904
7.38019	-5.42367	1.39987	-2.81496	7.33914	-5.30864	7.45	-5.4	1.99976	-2.99964
7.47305	-5.55408	1.44852	-2.78519	7.5499	-5.55354	7.55	-5.55	1.99976	-2.99964
7.51837	-5.65898	1.22883	-2.57963	7.59167	-5.64447	7.6	-5.65	1.00038	-2.00076
7.59835	-5.76889	1.27296	-2.53252	7.64483	-5.73357	7.65	-5.75	1.00037	-2.00074
7.68783	-5.91918	1.41488	-2.63447	7.6402	-5.81769	7.75	-5.9	1.81659	-2.7249
7.78468	-6.05439	1.45609	-2.60748	7.84396	-6.051	7.85	-6.05	1.81659	-2.7249
7.82938	-6.15605	1.17477	-2.34636	7.91394	-6.15143	7.9	-6.15	0.909251	-1.81851
7.9093	-6.27351	1.20958	-2.31684	7.95018	-6.25957	7.95	-6.25	0.909247	-1.81849
7.99608	-6.40717	1.31203	-2.37598	8.10134	-6.38026	8.05	-6.35	1.81576	-1.81577
8.09682	-6.50858	1.37975	-2.30428	8.15891	-6.45832	8.15	-6.45	1.81577	-1.81577
8.20401	-6.65203	1.55239	-2.42607	8.3424	-6.65648	8.25	-6.6	1.8218	-2.73269
8.30314	-6.77079	1.58539	-2.39107	8.33273	-6.74641	8.35	-6.75	1.8218	-2.73269
8.37986	-6.89197	1.48967	-2.30686	8.46635	-6.96022	8.4	-6.9	0.907987	-2.72401
8.45568	-7.02615	1.47472	-2.32396	8.44383	-7.03914	8.45	-7.05	0.907988	-2.72398
8.53196	-7.15642	1.44627	-2.31582	8.53661	-7.23635	8.5	-7.2	0.910054	-2.73014
8.59051	-7.31189	1.39436	-2.38188	8.55761	-7.36836	8.55	-7.35	0.910046	-2.73012
8.66762	-7.43971	1.43716	-2.42501	8.70486	-7.48959	8.65	-7.45	1.99827	-1.99828
8.74417	-7.55805	1.44741	-2.41716	8.7565	-7.55536	8.75	-7.55	1.99828	-1.99828
8.81564	-7.68687	1.41048	-2.39161	8.74707	-7.66927	8.8	-7.7	0.909061	-2.72717
8.87936	-7.83192	1.37794	-2.42416	8.85031	-7.85391	8.85	-7.85	0.909053	-2.72715
8.94502	-7.96034	1.32512	-2.38634	8.88546	-7.96913	8.9	-8	0.908945	-2.72688
8.99432	-8.11749	1.26855	-2.44748	8.95085	-8.16397	8.95	-8.15	0.908953	-2.72687
9.05938	-8.24816	1.24245	-2.42433	9.03618	-8.239	9.05	-8.25	1.82026	-1.82027
9.13686	-8.37005	1.26503	-2.39816	9.15149	-8.34807	9.15	-8.35	1.82025	-1.82026
9.21453	-8.50577	1.38477	-2.51628	9.14011	-8.44049	9.2	-8.5	0.999884	-2.99963
9.26826	-8.64161	1.35014	-2.5419	9.22902	-8.65053	9.25	-8.65	0.999874	-2.9996
9.33094	-8.76718	1.34104	-2.54033	9.23666	-8.722	9.3	-8.8	0.999284	-2.99783
9.38432	-8.91227	1.30685	-2.58135	9.36398	-8.95164	9.35	-8.95	0.999284	-2.99784
9.42525	-9.0239	1.07478	-2.35387	9.47823	-9.13791	9.4	-9.05	0.909209	-1.81844
9.4718	-9.15889	1.04755	-2.36915	9.43696	-9.1575	9.45	-9.15	0.90921	-1.81843
9.52866	-9.29291	1.06473	-2.39671	9.44585	-9.27158	9.5	-9.3	0.908483	-2.72543
9.57198	-9.43664	1.02965	-2.42547	9.53884	-9.45193	9.55	-9.45	0.908475	-2.72542
9.63552	-9.5807	1.06631	-2.47176	9.6872	-9.68187	9.6	-9.6	0.909756	-2.72927
9.68446	-9.72961	1.04212	-2.50116	9.67284	-9.75791	9.65	-9.75	0.909739	-2.72923
9.75435	-9.87941	1.13904	-2.61684	9.86489	-10.0711	9.7	-9.9	0.998626	-2.99586
9.7911	-10.0259	1.09247	-2.65431	9.74713	-10.0467	9.75	-10.05	0.998616	-2.99584
9.81695	-10.1383	0.866618	-2.42156	9.75497	-10.1932	9.75	-10.2	0	-2.72857
9.8242	-10.3066	0.772076	-2.50459	9.74697	-10.3629	9.75	-10.35	0	-2.72854
9.86936	-10.4538	0.817463	-2.56952	9.77249	-10.4428	9.8	-10.5	0.909773	-2.7293
9.89518	-10.6134	0.771989	-2.61203	9.86261	-10.6462	9.85	-10.65	0.909773	-2.7293
9.91312	-10.7338	0.608417	-2.43985	9.86786	-10.8223	9.85	-10.8	0	-2.72846
9.91138	-10.8969	0.52623	-2.50786	9.8455	-10.9408	9.85	-10.95	0	-2.72844
9.93101	-11.0321	0.48137	-2.47537	9.84594	-11.0973	9.85	-11.1	0	-2.72748
9.9153	-11.201	0.38327	-2.55265	9.83549	-11.2481	9.85	-11.25	0	-2.72745
9.93623	-11.3406	0.405641	-2.60233	9.8926	-11.4631	9.85	-11.4	0	-2.9967
9.92355	-11.5036	0.325998	-2.67644	9.87136	-11.5692	9.85	-11.55	0	-2.99671
9.91717	-11.6245	0.151577	-2.47283	9.89882	-11.7746	9.8	-11.7	-0.909227	-2.72768
9.86521	-11.8034	0.0118577	-2.57435	9.74749	-11.8623	9.75	-11.85	-0.909218	-2.72765
9.84356	-11.9221	-0.132456	-2.40537	9.75738	-12.0161	9.7	-12	-0.908714	-2.72613
9.77421	-12.0965	-0.27614	-2.50492	9.65408	-12.1513	9.65	-12.15	-0.908706	-2.7261
9.72539	-12.1919	-0.496403	-2.2218	9.60373	-12.2428	9.6	-12.25	-0.909639	-1.81931
9.64962	-12.3348	-0.604977	-2.27552	9.54006	-12.3354	9.55	-12.35	-0.90964	-1.8193
9.5704	-12.396	-0.900098	-1.87278	9.38815	-12.3607	9.45	-12.45	-1.81824	-1.81825
9.46635	-12.525	-1.02365	-1.93789	9.35049	-12.5377	9.35	-12.55	-1.81823	-1.81823
9.37708	-12.589	-1.2655	-1.6079	9.33568	-12.8372	9.2	-12.65	-2.72578	-1.81718
9.22151	-12.7208	-1.4617	-1.71395	9.04708	-12.7528	9.05	-12.75	-2.72576	-1.81717
9.12691	-12.8022	-1.53123	-1.63079	8.97697	-12.8161	8.95	-12.85	-1.8192	-1.81921
8.97861	-12.9223	-1.67773	-1.70543	8.84904	-12.9423	8.85	-12.95	-1.81921	-1.81921
8.86467	-12.991	-1.7874	-1.55548	8.64934	-12.9537	8.7	-13.05	-2.72781	-1.81854
8.69171	-13.1141	-1.9596	-1.6453	8.5479	-13.1496	8.55	-13.15	-2.7278	-1.81853
8.5316	-13.1037	-2.35517	-0.964291	8.43462	-13.263	8.4	-13.15	-2.72644	0
8.35807	-13.1678	-2.45337	-0.995875	8.26001	-13.1483	8.25	-13.15	-2.72641	0
8.20585	-13.1581	-2.66166	-0.618929	8.10139	-13.1447	8.1	-13.15	-3.00083	0
8.03778	-13.193	-2.73844	-0.63535	7.95138	-13.1593	7.95	-13.15	-3.00084	0
7.88832	-13.2375	-2.71764	-0.689831	7.85182	-13.2702	7.8	-13.2	-2.72553	-0.908516
7.70857	-13.2817	-2.78523	-0.708484	7.64076	-13.2654	7.65	-13.25	-2.72554	-0.908516
7.52626	-13.2434	-3.02834	-0.196872	7.51359	-13.2891	7.5	-13.2	-2.72544	0.908483
7.36843	-13.23	-3.00116	-0.150664	7.35762	-13.1417	7.35	-13.15	-2.72544	0.908483
7.20244	-13.2344	-3.00801	-0.132916	7.19553	-13.2012	7.2	-13.15	-2.73035	0
7.04935	-13.2222	-2.97506	-0.0946651	7.05296	-13.1563	7.05	-13.15	-2.73035	0
6.87721	-13.2023	-3.04642	0.0699935	6.87644	-13.2105	6.85	-13.15	-3.63616	0
6.70214	-13.1884	-3.05978	0.0867632	6.672	-13.1364	6.65	-13.15	-3.63617	0
6.54395	-13.2136	-2.96948	-0.127089	6.53838	-13.1322	6.55	-13.15	-1.81656	0
6.41484	-13.2009	-2.88726	-0.0846073	6.46904	-13.1587	6.45	-13.15	-1.81657	0
6.24318	-13.1553	-2.99496	0.209899	6.22921	-13.0167	6.3	-13.1	-2.73109	0.910352
6.11348	-13.115	-2.90878	0.268439	6.15723	-13.0319	6.15	-13.05	-2.73109	0.91036
5.93025	-13.0061	-3.11539	0.853	5.95573	-12.8757	6	-12.95	-2.72331	1.81553
5.80047	-12.9283	-3.01281	0.916016	5.85711	-12.8423	5.85	-12.85	-2.72331	1.81554
5.64201	-12.8829	-2.98756	0.883612	5.73901	-12.8863	5.7	-12.8	-2.72842	0.909475
5.50986	-12.813	-2.90939	0.927437	5.5559	-12.7556	5.55	-12.75	-2.72839	0.909466
5.34316	-12.7166	-2.99819	1.22158	5.41889	-12.6989	5.4	-12.65	-2.731	1.82067
5.20534	-12.6251	-2.93076	1.26964	5.23681	-12.5467	5.25	-12.55	-2.731	1.82066
5.04887	-12.5401	-2.93928	1.35876	5.16911	-12.5003	5.15	-12.45	-1.81821	1.8182
4.95009	-12.4331	-2.78828	1.42686	5.04959	-12.3548	5.05	-12.35	-1.8182	1.8182
4.81926	-12.3493	-2.78656	1.50769	4.99996	-12.3538	4.95	-12.25	-1.99957	1.99957
4.75133	-12.2372	-2.61438	1.58432	4.86969	-12.1416	4.85	-12.15	-1.99954	1.99955
4.63913	-12.1691	-2.54186	1.47801	4.83937	-12.0439	4.8	-12.05	-0.999954	1.99993
4.60717	-12.0502	-2.31317	1.57332	4.77326	-11.9345	4.75	-11.95	-0.999959	1.99992
4.48196	-11.8966	-2.42983	2.02054	4.5839	-11.6711	4.65	-11.8	-2.0002	3.00031
4.42843	-11.7558	-2.2641	2.10205	4.54148	-11.6336	4.55	-11.65	-2.0002	3.0003
4.34176	-11.6859	-2.13433	1.82929	4.53697	-11.5591	4.55	-11.55	0	1.99749
4.34486	-11.5515	-1.8723	1.92467	4.55238	-11.4548	4.55	-11.45	0	1.99746
4.23636	-11.3606	-2.00414	2.46325	4.47604	-11.2089	4.5	-11.25	-0.90916	3.63662
4.2446	-11.1748	-1.72089	2.57484	4.45629	-11.0538	4.45	-11.05	-0.909152	3.63659
4.19813	-11.1035	-1.46733	2.02888	4.39651	-10.8822	4.45	-10.95	0	1.81807
4.23823	-10.9486	-1.18081	2.1302	4.45899	-10.8664	4.45	-10.85	0	1.81808
4.19623	-10.8228	-1.13302	2.16932	4.493	-10.7885	4.45	-10.7	0	2.72865
4.24495	-10.657	-0.868253	2.27659	4.44058	-10.5544	4.45	-10.55	0	2.72864
4.22002	-10.5261	-0.805068	2.26921	4.44399	-10.3941	4.45	-10.4	0	2.72392
4.27318	-10.3552	-0.571536	2.37457	4.44086	-10.2469	4.45	-10.25	0	2.72391
4.27168	-10.2306	-0.477302	2.30692	4.53204	-10.1814	4.5	-10.1	0.909624	2.72885
4.35497	-10.054	-0.215936	2.42416	4.54793	-9.94716	4.55	-9.95	0.909615	2.72884
4.37558	-9.92314	-0.10013	2.33491	4.57622	-9.70975	4.6	-9.8	0.909111	2.72733
4.46938	-9.74582	0.137176	2.45074	4.64364	-9.63888	4.65	-9.65	0.909107	2.72732
4.51592	-9.6239	0.278808	2.32171	4.76628	-9.54952	4.75	-9.5	1.81921	2.7288
4.63493	-9.45067	0.524123	2.43593	4.82761	-9.37054	4.85	-9.35	1.81921	2.7288
4.6871	-9.30547	0.581902	2.4604	4.89701	-9.18082	4.9	-9.2	0.908739	2.72622
4.79852	-9.12757	0.770883	2.56457	4.94177	-9.04086	4.95	-9.05	0.908743	2.72623
4.89915	-9.03261	1.04319	2.22338	5.09012	-9.06486	5.05	-8.95	1.8169	1.81688
5.01767	-8.88292	1.18618	2.29568	5.1385	-8.8446	5.15	-8.85	1.81688	1.81688
5.10282	-8.75333	1.25539	2.27065	5.21345	-8.63875	5.25	-8.7	1.8201	2.73014
5.22848	-8.59817	1.38855	2.3491	5.33853	-8.54729	5.35	-8.55	1.82008	2.73013
5.32341	-8.47528	1.47695	2.27023	5.35874	-8.39385	5.4	-8.45	0.910244	1.82049
5.42078	-8.34825	1.51297	2.2811	5.46213	-8.36055	5.45	-8.35	0.910249	1.8205
5.48966	-8.22156	1.43507	2.39685	5.63723	-8.3352	5.55	-8.2	1.99657	2.99484
5.58649	-8.08622	1.49336	2.43665	5.63863	-8.05978	5.65	-8.05	1.99657	2.99485
5.70919	-7.97527	1.72185	2.21281	5.69655	-7.84304	5.75	-7.95	1.81871	1.81872
5.81504	-7.84996	1.74687	2.22467	5.84353	-7.85177	5.85	-7.85	1.81871	1.81871
5.94796	-7.75129	1.95755	2.02199	5.9537	-7.7033	6	-7.75	2.72961	1.81974
6.07803	-7.63806	2.00604	2.03596	6.14453	-7.66253	6.15	-7.65	2.72961	1.81974
6.18598	-7.53602	2.02654	2.03486	6.27	-7.55894	6.25	-7.55	1.9992	1.9992
6.3001	-7.43187	2.05391	2.04548	6.3386	-7.44193	6.35	-7.45	1.99918	1.99918
6.41931	-7.32201	2.0843	2.02369	6.44365	-7.32743	6.45	-7.35	1.81911	1.81911
6.53405	-7.22079	2.08176	2.0036	6.54947	-7.257	6.55	-7.25	1.81909	1.81909
6.64883	-7.13143	2.13536	1.9511	6.71635	-7.22979	6.65	-7.15	1.99996	1.99996
6.75489	-7.03373	2.13396	1.95106	6.7522	-7.03215	6.75	-7.05	1.99996	1.99996
6.88544	-6.9565	2.29973	1.80141	6.81357	-6.96259	6.85	-7	1.99752	0.998765
6.98294	-6.88752	2.25767	1.74973	6.95051	-6.93564	6.95	-6.95	1.99752	0.998765
7.11141	-6.79859	2.31389	1.69165	7.00414	-6.76319	7.1	-6.85	2.73035	1.82023
7.23848	-6.71715	2.31059	1.66776	7.25571	-6.75585	7.25	-6.75	2.73035	1.82023
7.33607	-6.62432	2.211	1.73666	7.28718	-6.59248	7.35	-6.65	2.0006	2.0006
7.4417	-6.54183	2.19999	1.72537	7.42947	-6.54884	7.45	-6.55	2.00058	2.00058
7.57139	-6.47099	2.32352	1.62872	7.58756	-6.53752	7.55	-6.5	1.99841	0.999204
7.67546	-6.40628	2.29463	1.58776	7.65263	-6.44325	7.65	-6.45	1.99838	0.999195
7.83981	-6.35677	2.62139	1.36159	7.78988	-6.37954	7.8	-6.4	2.99952	0.999844
7.9638	-6.30325	2.60336	1.32746	7.95705	-6.33998	7.95	-6.35	2.99949	0.999829
8.04828	-6.20812	2.21752	1.55324	8.1289	-6.31809	8.05	-6.25	1.81603	1.81603
8.16468	-6.12946	2.20454	1.53602	8.15184	-6.14215	8.15	-6.15	1.81603	1.81603
8.25473	-6.03021	2.03377	1.63528	8.12981	-5.95044	8.25	-6.05	1.81921	1.81921
8.36148	-5.94535	2.02268	1.6223	8.34844	-5.95288	8.35	-5.95	1.81921	1.81921
8.53007	-5.88369	2.40739	1.39814	8.45627	-5.87026	8.5	-5.9	2.729	0.909673
8.65626	-5.81688	2.39307	1.37373	8.64546	-5.83668	8.65	-5.85	2.72898	0.909661
8.7887	-5.74127	2.42265	1.35654	8.68227	-5.68169	8.8	-5.75	2.72771	1.81848
8.92898	-5.66238	2.43716	1.36878	8.95179	-5.66017	8.95	-5.65	2.72772	1.81848
9.01206	-5.57502	2.19158	1.50049	8.99196	-5.51961	9.05	-5.55	1.99939	1.9994
9.13161	-5.48403	2.21413	1.53964	9.15234	-5.45358	9.15	-5.45	1.9994	1.9994
9.24909	-5.39912	2.18587	1.54972	9.25593	-5.41629	9.25	-5.4	1.81776	0.90888
9.3628	-5.32243	2.17168	1.52818	9.3462	-5.33648	9.35	-5.35	1.81776	0.908875
9.41219	-5.21243	1.72785	1.72965	9.35852	-5.15981	9.45	-5.2	1.81545	2.72317
9.52081	-5.09951	1.7567	1.77403	9.55586	-5.07162	9.55	-5.05	1.81542	2.72314
9.62415	-4.99693	1.80005	1.77357	9.60543	-4.91132	9.65	-4.95	1.82145	1.82147
9.73334	-4.87825	1.82366	1.82517	9.75218	-4.8384	9.75	-4.85	1.82146	1.82146
9.84591	-4.78175	1.86414	1.81212	10.0131	-4.84834	9.85	-4.75	1.81961	1.8196
9.9516	-4.67477	1.87152	1.82997	9.9571	-4.66087	9.95	-4.65	1.8196	1.8196
10.0455	-4.57925	1.88091	1.83548	9.99978	-4.51909	10.05	-4.55	1.99827	1.99828
10.146	-4.47015	1.89589	1.87686	10.1558	-4.43582	10.15	-4.45	1.99826	1.99826
10.2199	-4.35355	1.70801	1.95249	10.1567	-4.25503	10.25	-4.3	1.81693	2.72538
10.3222	-4.21953	1.72763	2.01584	10.3312	-4.16698	10.35	-4.15	1.81692	2.72536
10.4333	-4.10758	1.84601	1.99015	10.3715	-4.04505	10.45	-4.05	1.81951	1.8195
10.5421	-3.97843	1.86216	2.0378	10.5551	-3.94162	10.55	-3.95	1.8195	1.81951
10.6457	-3.86518	1.86916	2.03926	10.6459	-3.84961	10.65	-3.85	1.81817	1.81818
10.7484	-3.75065	1.86943	2.04472	10.746	-3.7455	10.75	-3.75	1.81816	1.81817
10.8456	-3.63615	1.80884	2.06367	10.9384	-3.6422	10.85	-3.6	1.81621	2.7243
10.9491	-3.49808	1.81894	2.1214	10.9457	-3.45027	10.95	-3.45	1.8162	2.7243
10.9884	-3.36965	1.38831	2.2264	11.1095	-3.32647	11	-3.3	0.908632	2.72588
11.0651	-3.21843	1.39225	2.29325	11.0435	-3.16012	11.05	-3.15	0.908632	2.72588
11.1067	-3.08054	1.18805	2.3501	10.9851	-2.95299	11.1	-3	0.909905	2.72971
11.1729	-2.91973	1.19298	2.42424	11.1542	-2.85724	11.15	-2.85	0.909888	2.72968
11.1549	-2.77588	0.671761	2.51648	11.0233	-2.67356	11.15	-2.7	0	2.72847
11.1843	-2.61232	0.660939	2.57383	11.1324	-2.55807	11.15	-2.55	0	2.72844
11.184	-2.46611	0.400101	2.61697	11.2541	-2.42353	11.15	-2.4	0	2.72732
11.1992	-2.30423	0.389744	2.65773	11.1569	-2.2658	11.15	-2.25	0	2.72732
11.3053	-2.15172	0.96944	2.61427	11.2203	-2.08998	11.25	-2.1	1.81905	2.72856
11.3586	-1.98642	0.970666	2.66518	11.3482	-1.94557	11.35	-1.95	1.81905	2.72856
11.2981	-1.8432	0.190263	2.7198	11.3928	-1.80815	11.3	-1.8	-0.90916	2.72747
11.2977	-1.677	0.172291	2.75722	11.2389	-1.64141	11.25	-1.65	-0.909152	2.72745
11.2956	-1.52531	0.0854166	2.76271	11.3341	-1.51762	11.25	-1.5	0	2.72321
11.2942	-1.36514	0.0752283	2.78071	11.2625	-1.34833	11.25	-1.35	0	2.72321
11.2327	-1.21706	-0.383938	2.79056	11.3121	-1.19064	11.2	-1.2	-0.909524	2.72856
11.202	-1.06142	-0.400066	2.79452	11.1556	-1.0549	11.15	-1.05	-0.909524	2.72856
11.0779	-0.918662	-1.06592	2.78651	10.9982	-0.893223	11.05	-0.9	-1.81945	2.72916
11.0067	-0.754841	-1.08732	2.81034	10.9445	-0.73319	10.95	-0.75	-1.81942	2.72913
10.9407	-0.599467	-1.10326	2.8121	10.8362	-0.586	10.9	-0.599999	-0.909839	2.72952
10.873	-0.443779	-1.11521	2.81408	10.8388	-0.441032	10.85	-0.449999	-0.909822	2.72949
10.6936	-0.329674	-1.93033	2.74312	10.6309	-0.359954	10.7	-0.349999	-2.99538	1.99692
10.5896	-0.211117	-1.94117	2.6975	10.5529	-0.247121	10.55	-0.25	-2.99539	1.99691
10.4972	-0.0715202	-1.82642	2.67837	10.4322	-0.19515	10.45	-0.2	-1.81715	0.908579
10.3897	0.00041332	-1.83179	2.49722	10.3505	-0.143257	10.35	-0.15	-1.81716	0.908579
10.2387	0.10434	-2.16952	2.40609	10.2068	-0.109014	10.2	-0.0999996	-2.73194	0.910655
10.1106	0.139955	-2.17558	2.17414	10.0541	-0.0441275	10.05	-0.0499992	-2.73194	0.910655
9.95994	0.229306	-2.37132	2.09314	9.89001	0.00816785	9.9	9.49949e-007	-2.72481	0.908268
9.82036	0.245673	-2.37709	1.85507	9.75876	0.0560308	9.75	0.0500011	-2.72477	0.90826
9.71753	0.325326	-2.16999	1.80925	9.63528	0.0929341	9.65	0.100001	-1.81759	0.908784
9.59667	0.330563	-2.16355	1.582	9.56967	0.149506	9.55	0.15	-1.81757	0.908775
9.45206	0.382961	-2.36978	1.4879	9.56225	0.148577	9.4	0.15	-2.72659	0
9.31418	0.358098	-2.37262	1.22981	9.25348	0.150166	9.25	0.15	-2.72658	0
9.1629	0.398361	-2.49856	1.15753	9.0821	0.207802	9.1	0.2	-2.72925	0.909752
9.01304	0.38885	-2.51347	0.979876	8.93575	0.243169	8.95	0.25	-2.72926	0.909752
8.85928	0.418298	-2.64496	0.913905	8.94634	0.26481	8.8	0.25	-2.72783	0
8.70477	0.397267	-2.65457	0.740345	8.64483	0.254352	8.65	0.25	-2.7278	0
8.54957	0.413277	-2.70029	0.677598	8.46866	0.251128	8.5	0.25	-2.72395	0
8.39597	0.384169	-2.70366	0.515423	8.35775	0.250149	8.35	0.25	-2.72395	0
8.24587	0.382199	-2.73018	0.439498	8.28111	0.196974	8.2	0.2	-2.73278	-0.910929
8.08759	0.323781	-2.73888	0.237083	8.03004	0.154113	8.05	0.15	-2.73279	-0.910929
7.86495	0.307273	-3.29278	0.149685	7.74678	0.154598	7.85	0.15	-3.9992	0
7.69134	0.261068	-3.30446	0.0172661	7.63715	0.143302	7.65	0.15	-3.99916	0
7.60845	0.246751	-2.75283	-0.00713653	7.61982	0.157052	7.55	0.15	-1.99868	0
7.46619	0.2203	-2.75911	-0.0718886	7.43926	0.160393	7.45	0.15	-1.99866	0
7.31419	0.19817	-2.77061	-0.1177	7.34481	0.102019	7.3	0.100001	-2.72622	-0.908734
7.16365	0.146777	-2.76628	-0.229753	7.16771	0.0463372	7.15	0.0500011	-2.72623	-0.908734
7.06361	0.101416	-2.41185	-0.30834	7.05721	-0.05037	7.05	-0.0499995	-1.81887	-1.81889
6.93522	0.0137995	-2.40404	-0.485711	6.95035	-0.144849	6.95	-0.15	-1.81888	-1.81889
6.84496	-0.0573367	-2.12801	-0.599872	6.87212	-0.243254	6.85	-0.25	-1.81792	-1.81792
6.73419	-0.169176	-2.11892	-0.798913	6.76317	-0.34818	6.75	-0.35	-1.81792	-1.81792
6.64031	-0.259343	-1.9945	-0.919947	6.75759	-0.453523	6.65	-0.45	-1.81881	-1.8188
6.53561	-0.383631	-1.9907	-1.10692	6.56412	-0.553924	6.55	-0.549999	-1.81879	-1.81878
6.46487	-0.51123	-1.75743	-1.29046	6.60439	-0.765755	6.45	-0.749999	-1.81971	-3.63941
6.36447	-0.689726	-1.77618	-1.56474	6.36344	-0.942514	6.35	-0.949999	-1.81969	-3.63937
6.39159	-0.873834	-0.960338	-1.91842	6.35624	-1.10001	6.35	-1.1	0	-2.99522
6.34286	-1.0496	-0.976544	-2.12163	6.36321	-1.25111	6.35	-1.25	0	-2.99519
6.33573	-1.23566	-0.627307	-2.35457	6.30992	-1.40686	6.35	-1.4	0	-2.72817
6.30639	-1.41866	-0.63249	-2.48992	6.35537	-1.55723	6.35	-1.55	0	-2.72817
6.31577	-1.60358	-0.355612	-2.66432	6.50996	-1.74616	6.35	-1.7	0	-2.72628
6.30398	-1.773	-0.34948	-2.72064	6.35448	-1.83673	6.35	-1.85	0	-2.72628
6.29591	-1.94126	-0.284901	-2.78334	6.38849	-2.02257	6.35	-2	0	-2.73154
6.29156	-2.10377	-0.268467	-2.80546	6.35078	-2.13767	6.35	-2.15	0	-2.73152
6.28638	-2.25553	-0.205376	-2.85222	6.28921	-2.27735	6.35	-2.3	0	-2.99503
6.285	-2.40665	-0.193213	-2.87072	6.33355	-2.43768	6.35	-2.45	0	-2.99503
6.32551	-2.6011	0.177891	-3.07891	6.30986	-2.56694	6.4	-2.6	0.909996	-2.73
6.35909	-2.75991	0.225519	-3.04886	6.45623	-2.7536	6.45	-2.75	0.91	-2.73
6.39959	-2.93711	0.413854	-3.13333	6.40481	-2.87127	6.5	-2.9	0.907593	-2.72277
6.45161	-3.07837	0.481868	-3.05185	6.54629	-3.01951	6.55	-3.05	0.907584	-2.72274
6.47884	-3.23727	0.417608	-2.99377	6.70928	-3.32749	6.55	-3.25	0	-3.63617
6.50801	-3.41389	0.423749	-3.02059	6.54763	-3.45513	6.55	-3.45	0	-3.63613
6.54907	-3.59264	0.556636	-3.1062	6.52015	-3.55608	6.6	-3.6	0.909673	-2.72901
6.59508	-3.75197	0.590918	-3.07582	6.64571	-3.73674	6.65	-3.75	0.909661	-2.72898
6.64509	-3.91443	0.672689	-3.08333	6.71319	-3.83967	6.75	-3.85	1.81795	-1.81795
6.7281	-4.03249	0.783995	-2.95297	6.85201	-3.93663	6.85	-3.95	1.81793	-1.81793
6.81483	-4.20856	0.985114	-3.05165	7.13409	-4.28567	6.9	-4.15	0.909979	-3.63994
6.89097	-4.35726	1.03577	-3.00254	6.9548	-4.32855	6.95	-4.35	0.909975	-3.6399
6.92371	-4.48371	0.81923	-2.79573	7.00947	-4.44692	7	-4.45	0.907889	-1.81577
6.9944	-4.60762	0.881803	-2.72095	7.05586	-4.55105	7.05	-4.55	0.907881	-1.81576
7.06341	-4.76268	0.987643	-2.77468	7.15974	-4.75194	7.1	-4.7	0.909789	-2.72935
7.12759	-4.88988	1.0179	-2.71545	7.13261	-4.82718	7.15	-4.85	0.909777	-2.72933
7.2273	-5.06623	1.29913	-2.91153	7.2829	-5.01975	7.25	-5	1.81861	-2.72792
7.31498	-5.20095	1.34156	-2.85071	7.34301	-5.14642	7.35	-5.15	1.81859	-2.72789
7.36799	-5.32624	1.24783	-2.7624	7.32687	-5.26205	7.4	-5.3	0.999994	-3
7.43856	-5.45808	1.26627	-2.74611	7.46174	-5.44979	7.45	-5.45	0.999999	-3
7.50146	-5.59197	1.21364	-2.67482	7.47116	-5.48352	7.55	-5.55	1.81749	-1.81749
7.59603	-5.70914	1.28037	-2.60109	7.65989	-5.6552	7.65	-5.65	1.81747	-1.81747
7.66061	-5.83685	1.19649	-2.50856	7.78563	-5.85993	7.7	-5.8	0.909598	-2.72881
7.73392	-5.96808	1.21397	-2.49184	7.75276	-5.95823	7.75	-5.95	0.909594	-2.72878
7.80307	-6.09758	1.22249	-2.4754	7.79663	-6.00945	7.85	-6.05	1.81964	-1.81964
7.89591	-6.20538	1.28422	-2.40683	7.95034	-6.15505	7.95	-6.15	1.81962	-1.81962
8.00944	-6.3619	1.60889	-2.66308	8.04642	-6.30578	8.05	-6.3	1.99731	-2.99599
8.10773	-6.47736	1.6508	-2.61926	8.14855	-6.44643	8.15	-6.45	1.99732	-2.99598
8.15936	-6.57815	1.34386	-2.33768	8.26534	-6.60186	8.2	-6.55	0.909111	-1.81822
8.24279	-6.68966	1.36929	-2.29841	8.25279	-6.64996	8.25	-6.65	0.909111	-1.81822
8.31539	-6.81463	1.37738	-2.30676	8.2109	-6.73286	8.3	-6.8	0.90845	-2.72534
8.38179	-6.94634	1.35702	-2.31978	8.35448	-6.94719	8.35	-6.95	0.908442	-2.72531
8.49176	-7.10803	1.57335	-2.5154	8.61718	-7.22425	8.45	-7.1	1.81925	-2.72886
8.57032	-7.24958	1.55643	-2.52482	8.54666	-7.24803	8.55	-7.25	1.81924	-2.72886
8.6519	-7.38016	1.51439	-2.47677	8.69659	-7.3744	8.65	-7.35	1.82079	-1.8208
8.74554	-7.4923	1.54412	-2.42343	8.74711	-7.43338	8.75	-7.45	1.8208	-1.8208
8.82433	-7.61603	1.58848	-2.46468	8.68846	-7.50096	8.8	-7.6	0.997629	-2.99288
8.88947	-7.74808	1.55676	-2.48726	8.84984	-7.75349	8.85	-7.75	0.997629	-2.99288
8.93951	-7.85765	1.35482	-2.31668	8.77486	-7.80083	8.9	-7.9	0.909127	-2.72742
8.98922	-8.01458	1.29461	-2.38593	8.94604	-8.07116	8.95	-8.05	0.909127	-2.7274
9.02918	-8.12116	1.10645	-2.22237	8.92041	-8.11276	9	-8.15	0.909524	-1.81903
9.07274	-8.24768	1.07043	-2.23685	9.01893	-8.23506	9.05	-8.25	0.909516	-1.81902
9.1334	-8.37866	1.109	-2.28815	9.04724	-8.3711	9.1	-8.4	0.909922	-2.72975
9.18354	-8.51515	1.08347	-2.31368	9.1628	-8.53304	9.15	-8.55	0.909913	-2.72976
9.26665	-8.67251	1.29578	-2.53463	9.09379	-8.55764	9.25	-8.7	1.8169	-2.72535
9.33726	-8.8224	1.29061	-2.55607	9.3508	-8.85468	9.35	-8.85	1.81688	-2.72532
9.40194	-8.95664	1.24612	-2.51247	9.40597	-8.96981	9.4	-9	0.910219	-2.73069
9.45947	-9.11454	1.21696	-2.55637	9.45338	-9.162	9.45	-9.15	0.910228	-2.73069
9.51888	-9.24867	1.20923	-2.56697	9.51544	-9.36256	9.5	-9.3	0.997908	-2.99371
9.57007	-9.39768	1.18267	-2.61104	9.56994	-9.45148	9.55	-9.45	0.997908	-2.99372
9.60096	-9.50563	0.935481	-2.35792	9.62711	-9.59131	9.6	-9.55	0.909971	-1.81993
9.64742	-9.64484	0.922002	-2.37891	9.64603	-9.66938	9.65	-9.65	0.909954	-1.81992
9.68152	-9.76166	0.818217	-2.2794	9.63311	-9.79216	9.65	-9.8	0	-2.73054
9.69859	-9.91345	0.752275	-2.34156	9.64842	-9.95866	9.65	-9.95	0	-2.73053
9.7535	-10.0571	0.911359	-2.52885	9.61381	-9.98703	9.7	-10.1	0.998187	-2.99456
9.78048	-10.2048	0.86581	-2.57687	9.7516	-10.2483	9.75	-10.25	0.998187	-2.99455
9.82883	-10.3518	0.886947	-2.61037	9.7698	-10.3568	9.8	-10.4	0.909806	-2.7294
9.86957	-10.5078	0.866169	-2.63775	9.8633	-10.5382	9.85	-10.55	0.909797	-2.72938
9.89276	-10.6279	0.699223	-2.45841	9.8617	-10.6917	9.85	-10.7	0	-2.72718
9.89901	-10.7951	0.6221	-2.53191	9.84674	-10.8547	9.85	-10.85	0	-2.72715
9.91221	-10.9163	0.511337	-2.41955	9.75887	-10.887	9.85	-11	0	-2.72395
9.90976	-11.0817	0.437297	-2.4924	9.86442	-11.1448	9.85	-11.15	0	-2.72395
9.92916	-11.2215	0.418088	-2.48966	9.87245	-11.316	9.85	-11.3	0	-2.73074
9.91461	-11.391	0.329423	-2.56532	9.85036	-11.4464	9.85	-11.45	0	-2.73075
9.92912	-11.5344	0.300913	-2.5469	9.93142	-11.6783	9.85	-11.6	0	-2.72396
9.90718	-11.701	0.212161	-2.6098	9.83174	-11.7336	9.85	-11.75	0	-2.72396
9.90162	-11.8171	0.117725	-2.50648	9.80843	-11.8702	9.8	-11.9	-1.0005	-3.00149
9.85366	-11.9838	-0.00840721	-2.60303	9.75331	-12.0506	9.75	-12.05	-1.0005	-3.0015
9.78795	-12.0424	-0.455889	-2.02866	9.64519	-12.1714	9.65	-12.15	-1.81799	-1.81797
9.69533	-12.1936	-0.610285	-2.12488	9.55524	-12.2329	9.55	-12.25	-1.81797	-1.81797
9.65305	-12.3161	-0.63064	-2.13904	9.47014	-12.4324	9.45	-12.4	-1.82042	-2.73064
9.52495	-12.4911	-0.846246	-2.27603	9.34172	-12.5587	9.35	-12.55	-1.82041	-2.73063
9.44196	-12.5554	-1.10013	-1.93944	9.21558	-12.6577	9.25	-12.65	-1.99893	-1.99891
9.31312	-12.6964	-1.27079	-2.04391	9.16462	-12.7506	9.15	-12.75	-1.99891	-1.9989
9.22311	-12.7843	-1.39291	-1.87743	9.08802	-12.8351	9.05	-12.85	-1.81839	-1.81839
9.08543	-12.9181	-1.53293	-1.95167	8.95936	-12.9426	8.95	-12.95	-1.81838	-1.81838
8.95062	-12.9396	-1.91148	-1.35523	8.8569	-13.1416	8.8	-13	-2.72942	-0.909806
8.7843	-13.039	-2.05081	-1.4179	8.65422	-13.0444	8.65	-13.05	-2.72941	-0.909806
8.66924	-13.1007	-2.10171	-1.36183	8.49168	-13.0983	8.5	-13.15	-2.99987	-1.99991
8.49133	-13.204	-2.26987	-1.44613	8.3436	-13.2381	8.35	-13.25	-2.99984	-1.9999
8.33178	-13.175	-2.606	-0.821097	8.19421	-13.0768	8.25	-13.2	-1.99797	0.998985
8.1937	-13.2053	-2.61859	-0.803468	8.15674	-13.1486	8.15	-13.15	-1.99797	0.998985
8.04797	-13.2477	-2.61922	-0.805472	7.9999	-13.1879	8	-13.2	-2.73	-0.910004
7.89155	-13.288	-2.64503	-0.801074	7.85314	-13.2533	7.85	-13.25	-2.73	-0.910004
7.71258	-13.2563	-2.8798	-0.334539	7.57824	-13.1345	7.65	-13.25	-3.62957	0
7.52481	-13.2764	-2.94386	-0.344103	7.45422	-13.2433	7.45	-13.25	-3.62953	0
7.35744	-13.2825	-2.9833	-0.263117	7.33241	-13.2718	7.3	-13.25	-2.7301	0
7.17842	-13.2893	-3.01404	-0.252282	7.13166	-13.2372	7.15	-13.25	-2.73007	0
7.00517	-13.2789	-3.06729	-0.121851	6.97467	-13.1643	7	-13.25	-2.72703	0
6.84406	-13.2751	-3.04721	-0.101063	6.84852	-13.2404	6.85	-13.25	-2.727	0
6.66476	-13.2359	-3.16379	0.19456	6.7113	-13.2598	6.7	-13.2	-2.72742	0.909144
6.51776	-13.2062	-3.09812	0.234439	6.55626	-13.1584	6.55	-13.15	-2.72742	0.909144
6.33533	-13.1423	-3.19802	0.516671	6.32545	-12.9303	6.4	-13.1	-2.72703	0.908994
6.19522	-13.0932	-3.11216	0.560759	6.25112	-13.0473	6.25	-13.05	-2.727	0.908995
6.02636	-13.0525	-3.11943	0.613071	6.09711	-13.0021	6.1	-13	-2.73	0.910004
5.89301	-12.9998	-3.02885	0.65435	5.95513	-12.9613	5.95	-12.95	-2.72998	0.909996
5.74513	-12.9599	-3.04745	0.73765	5.89343	-13.1185	5.8	-12.9	-2.99275	0.99759
5.62191	-12.9008	-2.97456	0.782307	5.6635	-12.8347	5.65	-12.85	-2.99275	0.99758
5.46023	-12.83	-3.01818	0.969461	5.61778	-12.8527	5.55	-12.75	-1.81993	1.81994
5.3577	-12.736	-2.86399	1.05314	5.45219	-12.6228	5.45	-12.65	-1.81994	1.81994
5.20135	-12.6425	-2.89814	1.2368	5.30917	-12.4284	5.35	-12.55	-1.81722	1.81723
5.12122	-12.5355	-2.70821	1.32006	5.25069	-12.4448	5.25	-12.45	-1.81721	1.81721
4.97331	-12.4287	-2.76072	1.54793	5.13338	-12.4375	5.1	-12.35	-2.72881	1.8192
4.86985	-12.3218	-2.64554	1.59521	4.9499	-12.2734	4.95	-12.25	-2.72881	1.81921
4.74262	-12.2499	-2.56997	1.46912	4.92993	-12.1787	4.9	-12.15	-0.908467	1.81693
4.69137	-12.1284	-2.35455	1.55687	4.84027	-12.0359	4.85	-12.05	-0.908462	1.81692
4.56077	-11.9778	-2.45453	1.98383	4.79909	-11.9738	4.75	-11.9	-1.81788	2.72684
4.50536	-11.8344	-2.26461	2.0586	4.63814	-11.758	4.65	-11.75	-1.81788	2.72683
4.40267	-11.7447	-2.14897	1.82493	4.50688	-11.4491	4.6	-11.65	-0.909963	1.81994
4.37826	-11.6093	-1.92673	1.90413	4.5399	-11.541	4.55	-11.55	-0.909959	1.81992
4.268	-11.4272	-2.03922	2.37769	4.46798	-11.2692	4.5	-11.35	-0.909227	3.63689
4.26654	-11.2516	-1.77553	2.47773	4.45518	-11.1556	4.45	-11.15	-0.909218	3.63686
4.21002	-11.175	-1.58608	2.08302	4.47788	-11.2387	4.4	-11.05	-0.909227	1.81845
4.2122	-11.0253	-1.37336	2.16307	4.36691	-10.9529	4.35	-10.95	-0.909222	1.81844
4.16604	-10.9216	-1.25204	1.99005	4.34978	-10.6819	4.4	-10.8	0.9094	2.72823
4.21727	-10.7627	-0.96571	2.10308	4.42489	-10.6572	4.45	-10.65	0.909396	2.72819
4.18046	-10.6214	-0.987263	2.3162	4.45256	-10.5332	4.45	-10.5	0	3.00113
4.24313	-10.4579	-0.719641	2.42643	4.44692	-10.3512	4.45	-10.35	0	3.00113
4.23441	-10.3313	-0.623474	2.36521	4.41237	-9.99477	4.5	-10.2	0.999524	2.99855
4.32497	-10.1606	-0.332818	2.4887	4.5556	-10.0446	4.55	-10.05	0.999524	2.99856
4.33592	-10.031	-0.249402	2.4623	4.57379	-9.85032	4.6	-9.9	0.998267	2.9948
4.43683	-9.858	0.0207771	2.58216	4.65841	-9.75093	4.65	-9.75	0.998262	2.99479
4.49427	-9.76248	0.302613	2.16227	4.60255	-9.4741	4.7	-9.65	0.910924	1.82187
4.59059	-9.60834	0.49177	2.25008	4.74425	-9.53907	4.75	-9.55	0.910928	1.82186
4.62879	-9.46788	0.500765	2.32536	4.78405	-9.35872	4.8	-9.4	0.908038	2.72411
4.73049	-9.30768	0.675551	2.40783	4.87523	-9.25457	4.85	-9.25	0.908033	2.7241
4.79259	-9.17465	0.766281	2.35387	4.92663	-9.02336	4.95	-9.1	1.81851	2.72776
4.9059	-9.01313	0.933523	2.43738	5.04624	-8.96378	5.05	-8.95	1.81852	2.72777
4.98115	-8.8754	1.01824	2.40062	5.1055	-8.72095	5.15	-8.8	1.8165	2.72476
5.11331	-8.70518	1.19698	2.49936	5.26299	-8.64398	5.25	-8.65	1.8165	2.72475
5.23383	-8.60544	1.47021	2.19261	5.34134	-8.5519	5.35	-8.55	1.82159	1.8216
5.35316	-8.46581	1.56016	2.24394	5.43218	-8.43885	5.45	-8.45	1.82157	1.82157
5.44054	-8.33795	1.54771	2.27753	5.5122	-8.36624	5.5	-8.35	0.908054	1.81609
5.5285	-8.21643	1.55254	2.27116	5.54143	-8.23537	5.55	-8.25	0.908054	1.8161
5.67489	-8.14668	1.89848	1.8744	5.72065	-8.20245	5.7	-8.15	2.72851	1.81902
5.80102	-8.03488	1.94781	1.90044	5.85207	-8.0316	5.85	-8.05	2.72849	1.81899
5.87977	-7.90176	1.75148	2.12809	5.99121	-7.96746	5.95	-7.9	1.81851	2.72777
5.9994	-7.77069	1.80523	2.16564	6.04955	-7.75139	6.05	-7.75	1.81852	2.72777
6.11982	-7.66651	1.909	2.06956	6.20599	-7.74241	6.15	-7.65	1.81739	1.81739
6.23009	-7.55333	1.91984	2.07048	6.2473	-7.56333	6.25	-7.55	1.81739	1.81739
6.34392	-7.44476	1.95705	2.03904	6.39144	-7.48582	6.35	-7.45	1.8164	1.81641
6.44742	-7.34044	1.94589	2.02123	6.44526	-7.36223	6.45	-7.35	1.81638	1.81638
6.58906	-7.252	2.13656	1.85918	6.66209	-7.31025	6.6	-7.25	2.72856	1.81904
6.71818	-7.14422	2.1623	1.87575	6.74856	-7.14204	6.75	-7.15	2.72856	1.81904
6.82872	-7.03725	2.11261	1.91343	6.83447	-7.05268	6.85	-7.05	1.82066	1.82066
6.95053	-6.93698	2.12307	1.9062	6.97717	-6.96144	6.95	-6.95	1.82065	1.82065
7.09268	-6.86139	2.3299	1.75297	7.13677	-6.88363	7.1	-6.85	2.99976	1.99984
7.22264	-6.76291	2.36011	1.78163	7.2552	-6.74652	7.25	-6.75	2.99976	1.99984
7.2832	-6.64239	2.02011	2.02246	7.234	-6.59525	7.3	-6.65	0.999384	1.99876
7.37285	-6.54476	1.99648	2.00955	7.33491	-6.53948	7.35	-6.55	0.999369	1.99874
7.58399	-6.49813	2.61697	1.5619	7.67988	-6.69347	7.5	-6.55	2.72747	0
7.69631	-6.45815	2.54155	1.4507	7.64389	-6.55777	7.65	-6.55	2.72745	0
7.79734	-6.37196	2.27616	1.59545	7.94309	-6.60222	7.75	-6.45	1.81623	1.81624
7.90013	-6.30602	2.22584	1.53885	7.84566	-6.34021	7.85	-6.35	1.81623	1.81624
8.05392	-6.24512	2.46399	1.36426	7.9171	-6.24084	8	-6.3	2.72648	0.908821
8.17443	-6.19091	2.42903	1.31303	8.14601	-6.23101	8.15	-6.25	2.72645	0.908817
8.23849	-6.08761	1.95904	1.59465	8.37368	-6.18614	8.25	-6.1	1.81898	2.72847
8.35164	-5.98713	1.97295	1.6246	8.35502	-5.95811	8.35	-5.95	1.81897	2.72844
8.52634	-5.92617	2.41194	1.37573	8.43843	-5.87193	8.5	-5.9	2.72647	0.90883
8.65398	-5.85632	2.40073	1.36094	8.64201	-5.86567	8.65	-5.85	2.72645	0.908817
8.74964	-5.76496	2.16408	1.49106	8.76652	-5.75601	8.75	-5.75	1.81789	1.81788
8.8675	-5.67483	2.16388	1.50834	8.85198	-5.65134	8.85	-5.65	1.81789	1.81788
9.00937	-5.59404	2.32821	1.44024	8.91028	-5.47662	9	-5.55	2.73109	1.82073
9.14101	-5.49843	2.33935	1.4781	9.13482	-5.45989	9.15	-5.45	2.73106	1.82072
9.24433	-5.40407	2.15433	1.57652	9.32693	-5.39468	9.25	-5.35	1.81796	1.81795
9.36024	-5.3022	2.1531	1.60915	9.33045	-5.26019	9.35	-5.25	1.81794	1.81793
9.49859	-5.214	2.28822	1.56433	9.4498	-5.12838	9.5	-5.15	2.72905	1.81937
9.6334	-5.10055	2.31109	1.62904	9.63754	-5.04328	9.65	-5.05	2.72903	1.81935
9.68151	-4.99592	1.83979	1.82988	9.83281	-5.00671	9.7	-4.95	0.998666	1.99733
9.7725	-4.88853	1.84145	1.86484	9.74856	-4.84745	9.75	-4.85	0.998656	1.99731
9.87923	-4.7869	1.85704	1.86172	9.96003	-4.81123	9.85	-4.75	1.8172	1.81719
9.97328	-4.68132	1.84306	1.86595	9.93394	-4.66432	9.95	-4.65	1.81717	1.81717
10.0788	-4.57882	1.85662	1.86485	10.1357	-4.58625	10.05	-4.55	1.82042	1.82043
10.1758	-4.46788	1.84929	1.88252	10.1444	-4.44253	10.15	-4.45	1.82041	1.82042
10.3274	-4.37351	2.17558	1.78093	10.3185	-4.35401	10.3	-4.35	2.72672	1.81782
10.4493	-4.26647	2.18116	1.80235	10.4496	-4.24828	10.45	-4.25	2.7267	1.8178
10.4716	-4.14394	1.51453	2.01239	10.5826	-4.11494	10.5	-4.1	0.908764	2.72628
10.5597	-4.00621	1.52742	2.07585	10.5542	-3.95161	10.55	-3.95	0.908764	2.72628
10.645	-3.88516	1.52802	2.09346	10.6618	-3.807	10.65	-3.8	1.8194	2.72911
10.7415	-3.72947	1.55623	2.19074	10.7602	-3.65417	10.75	-3.65	1.81939	2.72908
10.8543	-3.60883	1.7315	2.15883	10.8593	-3.57039	10.85	-3.55	1.81839	1.81838
10.9485	-3.48322	1.7305	2.17448	10.9375	-3.46792	10.95	-3.45	1.81838	1.81838
10.984	-3.35282	1.32887	2.26929	11.0183	-3.30073	11	-3.3	0.908549	2.72563
11.063	-3.19943	1.3424	2.33711	11.0672	-3.14607	11.05	-3.15	0.908549	2.72564
11.1084	-3.06457	1.15377	2.38081	11.1054	-3.01303	11.1	-3	0.90888	2.72663
11.1703	-2.90537	1.15404	2.44632	11.1428	-2.8481	11.15	-2.85	0.908863	2.72661
11.215	-2.76507	1.03801	2.47511	11.1758	-2.69942	11.2	-2.7	0.909988	2.72995
11.2714	-2.59932	1.03959	2.54468	11.2495	-2.5409	11.25	-2.55	0.909988	2.72995
11.2166	-2.45756	0.240296	2.64461	11.4549	-2.46508	11.2	-2.4	-0.907692	2.72306
11.2217	-2.28903	0.227962	2.69665	11.1705	-2.24061	11.15	-2.25	-0.907683	2.72304
11.3384	-2.13512	0.946254	2.63837	11.2202	-2.08177	11.25	-2.1	1.8219	2.73284
11.3844	-1.98466	0.936467	2.65054	11.3536	-1.97104	11.35	-1.95	1.82188	2.73281
11.3689	-1.83704	0.523788	2.68416	11.224	-1.77367	11.35	-1.8	0	2.71996
11.3933	-1.67387	0.516758	2.7192	11.3661	-1.64386	11.35	-1.65	0	2.71993
11.3849	-1.52384	0.298892	2.73317	11.2691	-1.47976	11.35	-1.5	0	2.73448
11.391	-1.36498	0.281716	2.75271	11.3391	-1.34511	11.35	-1.35	0	2.73446
11.2721	-1.23757	-0.600453	2.76677	11.2507	-1.19626	11.25	-1.2	-1.99969	2.99952
11.2279	-1.08128	-0.623746	2.80731	11.1532	-1.04324	11.15	-1.05	-1.99967	2.99949
11.1572	-0.9411	-0.844394	2.81155	10.9697	-0.89157	11.1	-0.9	-1.00006	3.00024
11.1074	-0.781484	-0.857095	2.85589	11.0654	-0.742685	11.05	-0.75	-1.00006	3.00021
10.9987	-0.636154	-1.24881	2.8311	10.8913	-0.655608	10.95	-0.649999	-1.81771	1.81773
10.9149	-0.504583	-1.27304	2.77181	10.8418	-0.549005	10.85	-0.549999	-1.81772	1.81773
10.8193	-0.364428	-1.4492	2.74178	10.827	-0.442912	10.75	-0.45	-1.81842	1.8184
10.7267	-0.262336	-1.46793	2.62435	10.6642	-0.353413	10.65	-0.35	-1.8184	1.81839
10.5471	-0.15984	-2.18857	2.54407	10.5503	-0.248633	10.5	-0.25	-3.00035	2.00024
10.4233	-0.0795336	-2.20858	2.43074	10.3487	-0.171899	10.35	-0.15	-3.00032	2.00022
10.3171	0.0287129	-2.16565	2.39969	10.2559	-0.115293	10.25	-0.0999996	-2.00053	1.00027
10.1983	0.0844132	-2.17739	2.24486	10.137	-0.0462889	10.15	-0.0499992	-2.00053	1.00027
10.0977	0.181363	-2.11578	2.20993	10.0717	0.0165033	10.05	9.49949e-007	-2.00009	1.00004
9.98368	0.215138	-2.12212	2.02505	9.92833	0.0556031	9.95	0.0500011	-2.00006	1.00003
9.82949	0.279869	-2.45889	1.9222	9.8478	0.0279858	9.8	0.0500011	-3.00025	0
9.70112	0.267012	-2.45718	1.65949	9.65029	0.0372757	9.65	0.0500011	-3.00024	0
9.54625	0.320168	-2.67999	1.57749	9.54682	0.0997641	9.5	0.100001	-2.99825	0.999409
9.40289	0.316491	-2.68763	1.37761	9.33515	0.138463	9.35	0.15	-2.99825	0.999409
9.30945	0.369885	-2.354	1.33711	9.46113	0.134275	9.25	0.15	-1.81915	0
9.17669	0.35171	-2.35204	1.11499	9.13787	0.161547	9.15	0.15	-1.81913	0
9.01617	0.378902	-2.65265	1.03234	9.02723	0.196492	9	0.2	-2.99927	0.99976
8.87563	0.37359	-2.66126	0.893716	8.82128	0.250523	8.85	0.25	-2.99927	0.99976
8.71801	0.39592	-2.82169	0.832037	8.67607	0.247512	8.7	0.25	-2.99873	0
8.57468	0.377804	-2.82073	0.68636	8.54916	0.247046	8.55	0.25	-2.99871	0
8.43287	0.39598	-2.73591	0.641573	8.44086	0.253341	8.4	0.25	-2.72872	0
8.2759	0.376543	-2.74335	0.507588	8.2302	0.258614	8.25	0.25	-2.72871	0
8.12387	0.374416	-2.8456	0.435542	8.1066	0.204722	8.1	0.2	-2.99909	-0.9997
7.97897	0.312822	-2.8444	0.230628	7.94777	0.127954	7.95	0.15	-2.9991	-0.9997
7.82448	0.299496	-2.93197	0.166225	7.82213	0.149733	7.8	0.15	-3.00101	0
7.67227	0.260487	-2.93883	0.0493024	7.63383	0.15164	7.65	0.15	-3.00099	0
7.53219	0.239112	-2.78716	-0.00699344	7.49691	0.101076	7.5	0.100001	-2.72698	-0.908982
7.37557	0.18536	-2.79085	-0.139539	7.35046	0.0656199	7.35	0.0500011	-2.72695	-0.908974
7.27682	0.148571	-2.48314	-0.20932	7.13188	-0.00451978	7.25	9.49949e-007	-2.00032	-1.00016
7.15328	0.0798494	-2.48095	-0.354849	7.14965	-0.0559868	7.15	-0.0499992	-2.0003	-1.00015
6.98364	0.0255817	-2.66015	-0.442968	6.77233	-0.150907	7	-0.15	-2.72534	-1.8169
6.84148	-0.0683122	-2.65323	-0.617605	6.85872	-0.227918	6.85	-0.25	-2.72532	-1.81688
6.80757	-0.155561	-1.96002	-0.771838	6.70421	-0.347264	6.8	-0.349999	-1.00053	-2.00107
6.7156	-0.266246	-1.95288	-0.954052	6.74687	-0.441006	6.75	-0.449999	-1.00054	-2.00107
6.62293	-0.354657	-1.94097	-1.05795	6.72084	-0.550555	6.65	-0.549999	-2.00016	-2.00017
6.52851	-0.46921	-1.94184	-1.21451	6.54837	-0.624094	6.55	-0.65	-2.00016	-2.00017
6.49533	-0.594546	-1.47551	-1.41293	6.40088	-0.78131	6.5	-0.799999	-0.999884	-2.99963
6.42313	-0.747291	-1.48387	-1.62201	6.44859	-0.960126	6.45	-0.949999	-0.999884	-2.99963
6.39177	-0.890882	-1.1715	-1.81676	6.37766	-1.0844	6.4	-1.1	-0.999984	-2.99995
6.33296	-1.0532	-1.18587	-1.99884	6.35596	-1.24356	6.35	-1.25	-0.999969	-2.99992
6.34937	-1.22802	-0.687367	-2.2629	6.5527	-1.43518	6.35	-1.4	0	-3.00132
6.31711	-1.39712	-0.698436	-2.40474	6.35503	-1.55184	6.35	-1.55	0	-3.00129
6.30092	-1.56116	-0.535464	-2.51829	6.33086	-1.6454	6.35	-1.65	0	-1.81769
6.28235	-1.71099	-0.519792	-2.54529	6.34356	-1.7483	6.35	-1.75	0	-1.81769
6.30914	-1.88829	-0.138984	-2.76006	6.34522	-1.96081	6.35	-1.95	0	-3.99976
6.30557	-2.05086	-0.142104	-2.82074	6.34095	-2.12276	6.35	-2.15	0	-3.99972
6.29249	-2.1951	-0.181924	-2.81926	6.3068	-2.23646	6.35	-2.25	0	-2
6.29406	-2.3379	-0.163779	-2.82176	6.34785	-2.35274	6.35	-2.35	0	-1.99998
6.29536	-2.48633	-0.0872934	-2.8643	6.26272	-2.46894	6.35	-2.5	0	-3
6.30318	-2.63017	-0.0657509	-2.86327	6.36265	-2.64414	6.35	-2.65	0	-3
6.35023	-2.80607	0.285385	-3.05996	6.38105	-2.77438	6.4	-2.8	1.00003	-3.00012
6.38253	-2.95223	0.321173	-3.03948	6.461	-2.95066	6.45	-2.95	1.00003	-3.00009
6.44598	-3.14212	0.650411	-3.25172	6.50958	-3.15806	6.5	-3.15	0.999284	-3.99712
6.48953	-3.31544	0.665654	-3.27434	6.55345	-3.36165	6.55	-3.35	0.999284	-3.99712
6.51332	-3.46793	0.520829	-3.13767	6.64067	-3.46888	6.6	-3.45	0.909922	-1.81983
6.56536	-3.6123	0.57791	-3.06633	6.63536	-3.55462	6.65	-3.55	0.909917	-1.81984
6.62621	-3.77211	0.765328	-3.14985	6.70376	-3.69784	6.7	-3.7	0.999335	-2.99802
6.68695	-3.90269	0.820423	-3.08158	6.75151	-3.84595	6.75	-3.85	0.99934	-2.99802
6.72655	-4.05224	0.779216	-3.01179	6.65288	-3.91672	6.8	-4	0.908549	-2.72564
6.79197	-4.19536	0.8327	-2.9541	6.85764	-4.15466	6.85	-4.15	0.908537	-2.72561
6.81848	-4.32096	0.638029	-2.76131	6.9447	-4.2991	6.9	-4.25	0.90988	-1.81977
6.88309	-4.43094	0.713636	-2.65871	6.94846	-4.34203	6.95	-4.35	0.909876	-1.81975
6.94966	-4.57192	0.873841	-2.73834	7.09552	-4.55441	7	-4.5	1.00008	-3.00024
7.00666	-4.68942	0.908139	-2.69101	7.03506	-4.6461	7.05	-4.65	1.00008	-3.00024
7.10584	-4.86062	1.23999	-2.9282	7.25009	-4.88515	7.15	-4.8	1.99984	-2.99976
7.19341	-4.98081	1.30074	-2.86225	7.26242	-4.9318	7.25	-4.95	1.99984	-2.99976
7.23146	-5.08827	1.07156	-2.65233	7.33292	-5.08676	7.3	-5.05	1.00028	-2.00057
7.30418	-5.19909	1.118	-2.59852	7.3521	-5.15533	7.35	-5.15	1.00028	-2.00056
7.3645	-5.32428	1.13003	-2.58767	7.40318	-5.28627	7.4	-5.3	1.00003	-3.00012
7.42607	-5.44954	1.14159	-2.57706	7.44098	-5.44336	7.45	-5.45	1.00004	-3.00012
7.49583	-5.58371	1.23119	-2.63555	7.46878	-5.50726	7.55	-5.55	1.99961	-1.99961
7.5861	-5.68981	1.29772	-2.57067	7.66561	-5.647	7.65	-5.65	1.9996	-1.9996
7.64756	-5.81036	1.25354	-2.52294	7.70927	-5.8194	7.7	-5.8	1.00027	-3.00084
7.71861	-5.93926	1.26859	-2.52624	7.75724	-5.96146	7.75	-5.95	1.00028	-3.00084
7.79034	-6.06704	1.33948	-2.57028	7.71187	-5.94164	7.85	-6.05	1.9998	-1.99981
7.88169	-6.17566	1.39524	-2.51979	7.95005	-6.14609	7.95	-6.15	1.9998	-1.9998
7.93158	-6.27512	1.22131	-2.35231	8.03808	-6.28852	8	-6.25	1.00004	-2.00008
8.00676	-6.37972	1.25421	-2.32	8.04346	-6.35767	8.05	-6.35	1.00004	-2.00008
8.10976	-6.52924	1.53486	-2.55329	8.1071	-6.48544	8.15	-6.5	1.99951	-2.99928
8.2022	-6.65201	1.56751	-2.53774	8.25742	-6.66007	8.25	-6.65	1.9995	-2.99925
8.25053	-6.74891	1.2595	-2.25217	8.38768	-6.7963	8.3	-6.75	0.90921	-1.81841
8.32279	-6.871	1.26611	-2.24752	8.33159	-6.8699	8.35	-6.85	0.90921	-1.81841
8.40999	-7.00512	1.39158	-2.35866	8.58336	-7.15056	8.4	-7	1.0001	-3.00036
8.47197	-7.13266	1.37288	-2.38136	8.45779	-7.15285	8.45	-7.15	1.00011	-3.00036
8.54431	-7.25562	1.43809	-2.43924	8.37938	-7.10665	8.55	-7.25	1.99907	-1.99908
8.62616	-7.36668	1.46189	-2.41308	8.647	-7.3454	8.65	-7.35	1.99908	-1.99908
8.70811	-7.49803	1.5132	-2.46563	8.76035	-7.57239	8.7	-7.5	1.00058	-3.00174
8.7751	-7.63324	1.49155	-2.49345	8.76121	-7.66039	8.75	-7.65	1.00057	-3.00171
8.81696	-7.72769	1.26419	-2.28702	8.81118	-7.75569	8.8	-7.75	0.999844	-1.99968
8.87208	-7.84374	1.24754	-2.29319	8.84363	-7.83628	8.85	-7.85	0.999844	-1.99968
8.98471	-8.00994	1.58031	-2.61091	9.07758	-8.1058	8.95	-8	2.00017	-3.00024
9.05948	-8.14603	1.56977	-2.62377	9.05238	-8.15838	9.05	-8.15	2.00014	-3.00021
9.10208	-8.24231	1.3279	-2.39521	9.05557	-8.22632	9.1	-8.25	0.998905	-1.99781
9.16625	-8.36065	1.32393	-2.39277	9.15492	-8.35136	9.15	-8.35	0.998886	-1.99779
9.23415	-8.48816	1.27243	-2.34581	9.30408	-8.57245	9.2	-8.5	0.908863	-2.72657
9.2893	-8.62894	1.23839	-2.37458	9.2543	-8.64461	9.25	-8.65	0.908855	-2.72655
9.34351	-8.75224	1.18945	-2.34186	9.15971	-8.67035	9.3	-8.8	0.909475	-2.72841
9.38772	-8.90505	1.1383	-2.39783	9.35164	-8.95148	9.35	-8.95	0.909466	-2.72839
9.46626	-9.05598	1.2898	-2.5698	9.47941	-9.179	9.4	-9.1	0.999765	-2.99935
9.50333	-9.20731	1.22636	-2.62499	9.44272	-9.24111	9.45	-9.25	0.999774	-2.99934
9.53521	-9.31601	0.977111	-2.37522	9.53008	-9.38561	9.5	-9.35	0.908962	-1.81792
9.58629	-9.44549	0.972107	-2.37367	9.5752	-9.43724	9.55	-9.45	0.908954	-1.8179
9.63853	-9.57901	0.974449	-2.38625	9.60163	-9.60777	9.6	-9.6	0.909988	-2.72996
9.67102	-9.7282	0.925375	-2.42928	9.62903	-9.75552	9.65	-9.75	0.909971	-2.72993
9.73011	-9.87571	0.993665	-2.51284	9.69155	-9.89957	9.7	-9.9	0.907972	-2.7239
9.77095	-10.0264	0.961133	-2.54195	9.74482	-10.046	9.75	-10.05	0.907972	-2.72391
9.79608	-10.1398	0.793512	-2.37149	9.69256	-10.1336	9.75	-10.2	0	-2.73106
9.80823	-10.2994	0.719216	-2.43987	9.75264	-10.3488	9.75	-10.35	0	-2.73105
9.87032	-10.4596	0.916188	-2.6773	9.8242	-10.5024	9.8	-10.5	1	-2.99999
9.88814	-10.6163	0.851042	-2.73145	9.83234	-10.6514	9.85	-10.65	0.999994	-2.99996
9.91688	-10.7418	0.775995	-2.65807	9.82501	-10.7525	9.85	-10.8	0	-3.00047
9.91957	-10.906	0.691029	-2.7313	9.85033	-10.9603	9.85	-10.95	0	-3.00048
9.91387	-10.9961	0.397405	-2.3938	9.91881	-11.1448	9.85	-11.05	0	-1.9956
9.91109	-11.1313	0.345534	-2.43093	9.86057	-11.1502	9.85	-11.15	0	-1.99559
9.9235	-11.2625	0.3189	-2.41246	9.83851	-11.2795	9.85	-11.3	0	-2.73184
9.90769	-11.4181	0.242143	-2.46798	9.83839	-11.4483	9.85	-11.45	0	-2.73182
9.90984	-11.5381	0.196932	-2.43348	9.79654	-11.5922	9.8	-11.6	-0.998566	-2.9957
9.86653	-11.697	0.0740352	-2.52195	9.75592	-11.7487	9.75	-11.75	-0.998566	-2.99569
9.87076	-11.8463	0.0976779	-2.57636	9.77699	-11.9246	9.75	-11.9	0	-2.73084
9.83711	-12.0142	0.00743242	-2.63902	9.75861	-12.0491	9.75	-12.05	0	-2.73085
9.79712	-12.1123	-0.253001	-2.31633	9.63743	-12.1863	9.65	-12.2	-1.81598	-2.72396
9.71004	-12.2868	-0.421964	-2.42803	9.56514	-12.3446	9.55	-12.35	-1.81597	-2.72396
9.6331	-12.3501	-0.785292	-1.94812	9.47157	-12.4849	9.45	-12.45	-1.82132	-1.82133
9.51047	-12.5011	-0.967377	-2.05481	9.34752	-12.5408	9.35	-12.55	-1.82131	-1.82131
9.44511	-12.6086	-1.02875	-1.99594	9.32154	-12.7193	9.3	-12.65	-0.908038	-1.81606
9.34222	-12.7381	-1.13313	-2.04596	9.24151	-12.7411	9.25	-12.75	-0.908029	-1.81605
9.221	-12.7575	-1.53456	-1.4463	9.04013	-12.7738	9.05	-12.85	-3.64007	-1.82004
9.03627	-12.8905	-1.76577	-1.57456	8.83995	-12.9425	8.85	-12.95	-3.64007	-1.82003
8.9185	-12.9308	-1.94688	-1.31226	8.73518	-13.0163	8.75	-13	-1.9959	-0.997948
8.76302	-13.0217	-2.07889	-1.37499	8.6395	-13.0341	8.65	-13.05	-1.9959	-0.997948
8.62185	-13.0511	-2.25673	-1.08296	8.48414	-13.0416	8.5	-13.1	-2.73149	-0.910502
8.44701	-13.1325	-2.37338	-1.13687	8.34268	-13.1451	8.35	-13.15	-2.73146	-0.910485
8.30242	-13.1755	-2.45609	-1.0066	8.19497	-13.1991	8.2	-13.2	-2.72385	-0.907955
8.13335	-13.2417	-2.53272	-1.03465	8.06107	-13.2364	8.05	-13.25	-2.72383	-0.907947
7.96885	-13.2413	-2.716	-0.679669	7.88931	-13.1791	7.9	-13.25	-2.72673	0
7.80231	-13.2762	-2.75244	-0.67906	7.75593	-13.2425	7.75	-13.25	-2.72673	0
7.62954	-13.2639	-2.89745	-0.386296	7.52542	-13.1457	7.6	-13.25	-2.72991	0
7.46817	-13.2755	-2.89904	-0.369015	7.44992	-13.2329	7.45	-13.25	-2.72991	0
7.27303	-13.2031	-3.17121	0.215471	7.19347	-13.1392	7.25	-13.2	-3.63887	0.909723
7.08685	-13.1882	-3.1963	0.218336	7.05468	-13.1604	7.05	-13.15	-3.63887	0.909723
6.91901	-13.2007	-3.1219	0.048305	6.90569	-13.1515	6.9	-13.15	-2.72312	0
6.74719	-13.1861	-3.11779	0.06996	6.73255	-13.1364	6.75	-13.15	-2.72312	0
6.59653	-13.1917	-3.10857	0.0525002	6.69426	-13.3705	6.6	-13.15	-3.00475	0
6.44027	-13.1808	-3.10821	0.0667672	6.42749	-13.1436	6.45	-13.15	-3.00472	0
6.2857	-13.1574	-3.14724	0.20813	6.4246	-13.2048	6.35	-13.1	-1.9976	0.998786
6.17394	-13.1201	-3.03685	0.264929	6.2503	-13.0552	6.25	-13.05	-1.99758	0.998786
6.00777	-13.0824	-3.0839	0.43462	6.162	-13.1569	6.1	-13	-2.72732	0.909111
5.88397	-13.027	-2.972	0.499649	5.95166	-12.9396	5.95	-12.95	-2.72732	0.909111
5.71854	-12.9729	-3.01406	0.65433	5.78183	-12.8825	5.8	-12.9	-2.72895	0.909657
5.59129	-12.9116	-2.92048	0.706808	5.64785	-12.8416	5.65	-12.85	-2.72896	0.909648
5.42613	-12.8269	-3.00357	1.00036	5.54035	-12.7925	5.55	-12.75	-1.81808	1.81809
5.32891	-12.737	-2.84068	1.07466	5.43842	-12.6552	5.45	-12.65	-1.81809	1.81809
5.17209	-12.6361	-2.90441	1.33899	5.33087	-12.5965	5.3	-12.55	-2.7236	1.81575
5.05633	-12.5338	-2.79672	1.39758	5.12059	-12.4527	5.15	-12.45	-2.72358	1.81572
4.9156	-12.4603	-2.77214	1.40485	5.13793	-12.5907	5.05	-12.35	-1.81967	1.81966
4.83793	-12.3408	-2.59161	1.49264	4.95241	-12.2277	4.95	-12.25	-1.81967	1.81967
4.69202	-12.2066	-2.66945	1.81214	4.81467	-12.1072	4.85	-12.1	-1.81844	2.72766
4.62536	-12.065	-2.47638	1.90018	4.75144	-11.9561	4.75	-11.95	-1.81844	2.72767
4.51162	-11.9782	-2.37393	1.72045	4.6829	-11.7433	4.7	-11.85	-0.909557	1.8191
4.49051	-11.8401	-2.11384	1.81673	4.67603	-11.7496	4.65	-11.75	-0.909553	1.81911
4.38653	-11.7187	-2.10882	1.93723	4.61619	-11.6508	4.6	-11.6	-0.907782	2.72335
4.37405	-11.5632	-1.86012	2.04227	4.5432	-11.4431	4.55	-11.45	-0.907778	2.72334
4.26806	-11.3706	-1.97252	2.52406	4.48104	-11.1618	4.5	-11.25	-0.910253	3.64099
4.26641	-11.1839	-1.71708	2.62952	4.44374	-11.0696	4.45	-11.05	-0.910253	3.64099
4.22336	-11.1143	-1.45814	2.07979	4.46178	-10.9843	4.45	-10.95	0	1.81804
4.25411	-10.9562	-1.19421	2.18004	4.4464	-10.8663	4.45	-10.85	0	1.81805
4.23268	-10.8858	-1.02469	1.89232	4.60972	-11.1274	4.45	-10.75	0	1.81614
4.27366	-10.7373	-0.791555	1.99244	4.43858	-10.6346	4.45	-10.65	0	1.81614
4.22119	-10.554	-0.925714	2.45388	4.43099	-10.4242	4.45	-10.45	0	3.6396
4.2734	-10.3681	-0.678137	2.56912	4.44616	-10.2449	4.45	-10.25	0	3.6396
4.27312	-10.2423	-0.540684	2.41612	4.52156	-10.1192	4.5	-10.1	0.910021	2.73005
4.35612	-10.0574	-0.271437	2.53822	4.55225	-9.94382	4.55	-9.95	0.910013	2.73003
4.36574	-9.9164	-0.215299	2.57123	4.5897	-9.73457	4.6	-9.8	0.999085	2.99725
4.45577	-9.74327	0.0244213	2.67928	4.64586	-9.65356	4.65	-9.65	0.99908	2.99724
4.50748	-9.63463	0.271326	2.32684	4.61159	-9.38621	4.7	-9.55	0.910095	1.82021
4.59584	-9.48206	0.443156	2.39394	4.7442	-9.45683	4.75	-9.45	0.910091	1.82018
4.64181	-9.36005	0.521171	2.35974	4.80746	-9.23434	4.85	-9.3	1.99828	2.99743
4.75689	-9.20703	0.729833	2.45292	4.94202	-9.15915	4.95	-9.15	1.99826	2.99739
4.81289	-9.05923	0.74914	2.51821	5.03379	-9.03255	5	-9	0.908384	2.72514
4.92233	-8.88984	0.909359	2.59885	5.06039	-8.84271	5.05	-8.85	0.908384	2.72514
5.02991	-8.79163	1.18542	2.26541	5.21058	-8.83852	5.15	-8.75	1.81679	1.8168
5.14728	-8.65169	1.30473	2.31307	5.26598	-8.6555	5.25	-8.65	1.81679	1.8168
5.23334	-8.52402	1.35124	2.29713	5.33786	-8.49992	5.35	-8.5	1.82017	2.73024
5.34789	-8.3804	1.44437	2.3458	5.43516	-8.36367	5.45	-8.35	1.82015	2.73022
5.46208	-8.27156	1.60754	2.18646	5.58025	-8.28767	5.55	-8.25	1.81852	1.81852
5.57855	-8.14705	1.66966	2.20599	5.65225	-8.1686	5.65	-8.15	1.8185	1.8185
5.70226	-8.04813	1.81991	2.05736	5.83663	-8.14888	5.75	-8.05	1.81752	1.81753
5.80372	-7.93797	1.82192	2.05201	5.81186	-7.95139	5.85	-7.95	1.81752	1.81752
5.91922	-7.83859	1.89674	1.97441	5.99151	-7.92468	5.95	-7.85	1.8194	1.8194
6.02819	-7.73274	1.90604	1.9712	6.04627	-7.74932	6.05	-7.75	1.81941	1.8194
6.10803	-7.59795	1.76141	2.13018	6.05883	-7.47931	6.15	-7.6	1.81742	2.72613
6.22404	-7.4655	1.80605	2.16883	6.26179	-7.43797	6.25	-7.45	1.8174	2.72611
6.37041	-7.37356	2.08491	1.92608	6.3458	-7.29797	6.4	-7.35	2.7248	1.81653
6.50503	-7.25604	2.12963	1.95804	6.55234	-7.24441	6.55	-7.25	2.72477	1.81651
6.64561	-7.16634	2.27907	1.82338	6.61964	-7.17343	6.65	-7.2	1.81957	0.909789
6.75686	-7.09049	2.24325	1.76751	6.74556	-7.15305	6.75	-7.15	1.81957	0.909785
6.8965	-7.0059	2.33968	1.68455	6.91901	-7.04822	6.9	-7.05	2.72946	1.81964
7.03392	-6.91657	2.35681	1.68194	7.06886	-6.94012	7.05	-6.95	2.72946	1.81964
7.13439	-6.8088	2.18181	1.80906	7.12574	-6.81829	7.15	-6.85	1.81554	1.81554
7.25156	-6.71717	2.17351	1.79107	7.25262	-6.73852	7.25	-6.75	1.81554	1.81554
7.35205	-6.61258	2.0722	1.85131	7.30586	-6.61905	7.35	-6.65	1.82007	1.82007
7.46155	-6.51903	2.06123	1.83223	7.45762	-6.53827	7.45	-6.55	1.82005	1.82005
7.62723	-6.45082	2.39802	1.58984	7.59546	-6.48319	7.6	-6.5	2.72628	0.908764
7.7481	-6.38851	2.36919	1.5317	7.74315	-6.44913	7.75	-6.45	2.72628	0.908764
7.86766	-6.30997	2.31689	1.53691	7.8486	-6.40709	7.85	-6.4	1.81656	0.908285
7.97683	-6.2613	2.27112	1.45221	7.9584	-6.34152	7.95	-6.35	1.81656	0.908281
8.09978	-6.18799	2.27746	1.42872	8.05398	-6.23227	8.1	-6.25	2.73006	1.82003
8.22696	-6.11881	2.27893	1.40964	8.24773	-6.1485	8.25	-6.15	2.73005	1.82003
8.36564	-6.04358	2.36955	1.36471	8.32369	-5.98136	8.4	-6.05	2.72692	1.81795
8.51101	-5.95562	2.4019	1.39895	8.55156	-5.93992	8.55	-5.95	2.7269	1.81794
8.6134	-5.86338	2.20539	1.5141	8.63806	-5.84559	8.65	-5.85	1.81844	1.81844
8.74131	-5.77031	2.22056	1.53818	8.7543	-5.75242	8.75	-5.75	1.81843	1.81843
8.88844	-5.69155	2.34676	1.48564	9.00947	-5.71389	8.9	-5.65	2.72464	1.81643
9.03263	-5.58568	2.38106	1.54452	9.06113	-5.54128	9.05	-5.55	2.72465	1.81643
9.13779	-5.48786	2.21364	1.6336	9.13938	-5.44533	9.15	-5.45	1.81916	1.81918
9.26108	-5.37996	2.22098	1.67427	9.24452	-5.3352	9.25	-5.35	1.81916	1.81916
9.37907	-5.28782	2.22351	1.66736	9.26221	-5.25032	9.35	-5.3	1.81895	0.909466
9.48291	-5.22023	2.18408	1.60672	9.43645	-5.25801	9.45	-5.25	1.81894	0.90947
9.56243	-5.12063	1.88701	1.73269	9.71784	-5.19928	9.55	-5.1	1.81986	2.72981
9.66781	-5.00386	1.89489	1.78161	9.64908	-4.9531	9.65	-4.95	1.81987	2.72981
9.76329	-4.89945	1.85724	1.80397	9.67182	-4.82288	9.75	-4.85	1.81736	1.81735
9.86947	-4.78318	1.86809	1.8437	9.86682	-4.74721	9.85	-4.75	1.81736	1.81735
9.96369	-4.67709	1.8153	1.86862	9.94653	-4.64316	9.95	-4.65	1.81806	1.81805
10.0671	-4.56376	1.82375	1.8937	10.0706	-4.54316	10.05	-4.55	1.81805	1.81805
10.2307	-4.4737	2.19148	1.77494	10.4074	-4.52899	10.2	-4.45	2.72609	1.8174
10.3512	-4.36839	2.19289	1.79234	10.3431	-4.35107	10.35	-4.35	2.72606	1.81737
10.3761	-4.24505	1.56434	1.99815	10.3837	-4.17982	10.4	-4.2	0.908945	2.72688
10.4652	-4.11408	1.57352	2.04735	10.4578	-4.07071	10.45	-4.05	0.908953	2.72687
10.58	-4.00235	1.7619	2.0042	10.5531	-3.94939	10.55	-3.95	1.81903	1.81904
10.6731	-3.87715	1.75784	2.03765	10.6424	-3.84126	10.65	-3.85	1.81902	1.81903
10.7579	-3.75587	1.71087	2.06496	10.6157	-3.63689	10.75	-3.7	1.81931	2.72896
10.8586	-3.60738	1.72752	2.14768	10.8572	-3.53957	10.85	-3.55	1.81931	2.72896
10.8998	-3.48551	1.44805	2.22977	10.8149	-3.35552	10.9	-3.4	0.999745	2.99928
10.972	-3.33408	1.45333	2.32227	10.9372	-3.24816	10.95	-3.25	0.999754	2.99928
11.0831	-3.20289	1.69753	2.2873	10.9078	-3.10703	11.05	-3.15	1.81764	1.81765
11.1699	-3.07218	1.68675	2.29698	11.135	-3.05697	11.15	-3.05	1.81763	1.81764
11.2106	-2.93903	1.35485	2.3596	11.1507	-2.87978	11.2	-2.9	0.909657	2.72896
11.2828	-2.78792	1.35296	2.40917	11.2571	-2.74346	11.25	-2.75	0.909648	2.72893
11.2111	-2.65707	0.41659	2.55248	11.2614	-2.58697	11.2	-2.6	-0.998725	2.99617
11.2186	-2.50705	0.396126	2.60165	11.1393	-2.45312	11.15	-2.45	-0.998725	2.99616
11.2761	-2.35864	0.641228	2.58654	11.2346	-2.28949	11.2	-2.3	0.908813	2.72643
11.3004	-2.20115	0.623659	2.62005	11.239	-2.16508	11.25	-2.15	0.908805	2.7264
11.3453	-2.05162	0.736727	2.61986	11.1623	-1.9797	11.3	-2	0.909855	2.72956
11.3799	-1.88925	0.727423	2.66219	11.3424	-1.85113	11.35	-1.85	0.909847	2.72953
