8.46292	0.243462	0	0	8.46292	0.243462	8.6	0.25	-3.00029	0
8.44827	0.251501	-0.209216	0.114846	8.44818	0.251553	8.45	0.25	-3.00027	0
8.47196	0.240711	0.00104088	-0.21274	8.56759	0.241943	8.45	0.25	0	0
8.46436	0.252216	-0.00955723	0.0239968	8.45582	0.253997	8.45	0.25	0	0
8.37457	0.252611	-1.06775	0.000184357	8.42544	0.254042	8.35	0.25	-1.81979	0
8.2925	0.251064	-1.08516	-0.00552648	8.23962	0.24916	8.25	0.25	-1.81978	0
8.08559	0.227125	-2.39579	-0.146571	7.93286	0.188391	8.05	0.2	-3.99976	-0.99994
7.93617	0.186198	-2.42069	-0.288677	7.84073	0.159858	7.85	0.15	-3.99972	-0.99993
7.76431	0.17185	-2.77977	-0.289376	7.61269	0.155818	7.7	0.15	-2.99982	0
7.60764	0.159066	-2.80018	-0.282431	7.54016	0.159641	7.55	0.15	-2.99982	0
7.50339	0.130086	-2.39857	-0.322226	7.50815	0.0953827	7.45	0.100001	-1.8165	-0.908239
7.36621	0.0792543	-2.40485	-0.420158	7.3426	0.0345312	7.35	0.0500011	-1.81648	-0.90823
7.21142	0.0465851	-2.57972	-0.447318	7.20598	0.00492725	7.2	9.49949e-007	-2.72851	-0.909507
7.06692	-0.00686635	-2.58396	-0.525446	7.05406	-0.0533413	7.05	-0.0499992	-2.72849	-0.909499
6.96853	-0.0640888	-2.18625	-0.604374	6.74585	-0.143185	6.95	-0.15	-1.81898	-1.81898
6.84851	-0.154118	-2.1877	-0.752645	6.84972	-0.258748	6.85	-0.25	-1.81896	-1.81897
6.74361	-0.224635	-2.13305	-0.840389	6.66966	-0.346668	6.75	-0.349999	-2.00076	-2.00075
6.63737	-0.329585	-2.13671	-1.00406	6.64329	-0.462604	6.65	-0.449999	-2.00076	-2.00075
6.60224	-0.428962	-1.60691	-1.16036	6.60862	-0.557035	6.6	-0.549999	-0.998836	-1.99769
6.52704	-0.536439	-1.60398	-1.28964	6.56029	-0.650892	6.55	-0.65	-0.99884	-1.99769
6.49626	-0.671671	-1.14254	-1.49791	6.40696	-0.842921	6.5	-0.85	-0.908747	-3.63498
6.43377	-0.84418	-1.15629	-1.73623	6.45805	-1.05268	6.45	-1.05	-0.908739	-3.63494
6.34704	-0.973029	-1.32481	-1.8068	6.38626	-1.15695	6.35	-1.15	-1.81897	-1.81898
6.26738	-1.1263	-1.34911	-1.95053	6.25499	-1.25007	6.25	-1.25	-1.81896	-1.81896
6.34565	-1.34541	-0.215255	-2.42759	6.43125	-1.48148	6.3	-1.45	0.909739	-3.63894
6.33426	-1.53097	-0.229851	-2.56555	6.36328	-1.65656	6.35	-1.65	0.909727	-3.63891
6.28389	-1.66653	-0.511196	-2.52987	6.3228	-1.81431	6.3	-1.8	-0.999494	-2.9985
6.25096	-1.83867	-0.541246	-2.6506	6.24641	-1.95075	6.25	-1.95	-0.999489	-2.99847
6.29544	-2.03982	0.0121387	-2.97366	6.31851	-2.10969	6.3	-2.1	0.999984	-2.99994
6.30309	-2.20038	0.0195249	-3.00297	6.34644	-2.23829	6.35	-2.25	0.999979	-2.99994
6.2936	-2.36228	-0.0665223	-2.96901	6.32593	-2.40018	6.35	-2.4	0	-2.72613
6.29978	-2.53021	-0.0503426	-2.9786	6.34927	-2.55175	6.35	-2.55	0	-2.72611
6.34113	-2.72045	0.25947	-3.14442	6.43125	-2.71878	6.4	-2.7	0.909499	-2.72851
6.37315	-2.87475	0.301921	-3.09357	6.43257	-2.84245	6.45	-2.85	0.909503	-2.72851
6.38618	-3.01535	0.249499	-3.03065	6.46536	-3.00452	6.45	-3	0	-2.99754
6.40799	-3.15979	0.270728	-3.01032	6.44119	-3.14955	6.45	-3.15	0	-2.99754
6.45661	-3.34212	0.499546	-3.13698	6.52249	-3.32007	6.5	-3.3	0.910402	-2.7312
6.5001	-3.49474	0.540303	-3.08449	6.5453	-3.45745	6.55	-3.45	0.910402	-2.7312
6.57408	-3.67898	0.83457	-3.23311	6.6358	-3.59197	6.65	-3.6	1.81722	-2.72583
6.65649	-3.81882	0.924855	-3.1309	6.76011	-3.75457	6.75	-3.75	1.81721	-2.72581
6.71121	-3.97016	0.88689	-3.04441	6.83625	-3.92723	6.8	-3.9	0.907988	-2.72396
6.78748	-4.10819	0.955471	-2.9657	6.85997	-4.05805	6.85	-4.05	0.907976	-2.72393
6.83974	-4.25451	0.922914	-2.89985	6.86943	-4.18507	6.9	-4.2	0.909334	-2.72801
6.90741	-4.39042	0.96778	-2.8391	6.94332	-4.34473	6.95	-4.35	0.90933	-2.72799
6.9382	-4.50983	0.7441	-2.62791	7.05156	-4.49706	7	-4.45	0.910054	-1.8201
7.00118	-4.61992	0.804337	-2.54082	7.04099	-4.55018	7.05	-4.55	0.910054	-1.8201
7.05977	-4.75472	0.876811	-2.55278	7.10252	-4.67934	7.1	-4.7	0.908302	-2.72489
7.11979	-4.88245	0.90622	-2.51938	7.14735	-4.86125	7.15	-4.85	0.908297	-2.72489
7.21809	-5.05318	1.23062	-2.7508	7.31379	-5.05204	7.25	-5	1.81907	-2.72861
7.29417	-5.18858	1.25483	-2.71169	7.30424	-5.15404	7.35	-5.15	1.81907	-2.72861
7.3542	-5.32339	1.19531	-2.64599	7.29446	-5.23429	7.4	-5.3	0.908194	-2.7246
7.42784	-5.46221	1.21415	-2.62779	7.44737	-5.45308	7.45	-5.45	0.90819	-2.72457
7.50352	-5.60281	1.23107	-2.61366	7.63082	-5.61863	7.55	-5.55	1.81974	-1.81974
7.59538	-5.71763	1.29294	-2.54043	7.64356	-5.66706	7.65	-5.65	1.81972	-1.81972
7.65826	-5.84313	1.23897	-2.47742	7.60376	-5.74774	7.7	-5.8	0.90983	-2.72951
7.7305	-5.97132	1.25092	-2.45815	7.7342	-5.95374	7.75	-5.95	0.909826	-2.72948
7.84266	-6.13472	1.61983	-2.75822	7.82165	-6.06822	7.85	-6.1	1.9986	-2.9979
7.9342	-6.26172	1.6459	-2.72997	7.95703	-6.24328	7.95	-6.25	1.99858	-2.99787
8.01408	-6.3925	1.51163	-2.59227	8.17338	-6.44684	8.05	-6.35	1.81738	-1.81739
8.11963	-6.50672	1.56945	-2.52148	8.15891	-6.45335	8.15	-6.45	1.81737	-1.81737
8.18843	-6.62706	1.46447	-2.42392	8.08628	-6.51855	8.2	-6.6	0.909293	-2.72787
8.26643	-6.75821	1.46024	-2.42008	8.25411	-6.74791	8.25	-6.75	0.909293	-2.72787
8.34531	-6.88707	1.47189	-2.42199	8.25648	-6.78122	8.35	-6.85	1.81994	-1.81993
8.43672	-7.0008	1.50148	-2.37583	8.44494	-6.95805	8.45	-6.95	1.81993	-1.81993
8.50189	-7.11065	1.45818	-2.33712	8.39359	-7.01743	8.5	-7.1	1.00006	-3.00018
8.56696	-7.23449	1.4393	-2.35521	8.54925	-7.24433	8.55	-7.25	1.00006	-3.00018
8.67244	-7.38737	1.69749	-2.59544	8.64403	-7.39047	8.65	-7.4	1.99807	-2.99712
8.7498	-7.526	1.67833	-2.61713	8.73559	-7.5421	8.75	-7.55	1.99808	-2.99712
8.8049	-7.63475	1.38145	-2.34814	8.87176	-7.71912	8.8	-7.65	0.909955	-1.8199
8.87276	-7.76472	1.36455	-2.35306	8.84538	-7.75497	8.85	-7.75	0.909946	-1.81988
8.94674	-7.89269	1.42786	-2.42289	8.88333	-7.88636	8.9	-7.9	0.999086	-2.9973
9.00136	-8.026	1.3884	-2.45492	8.95966	-8.0381	8.95	-8.05	0.999095	-2.9973
9.03502	-8.12237	1.11881	-2.20795	8.8564	-8.01424	9	-8.15	0.909309	-1.8186
9.08699	-8.24727	1.09766	-2.21878	9.05896	-8.24314	9.05	-8.25	0.909301	-1.81859
9.16193	-8.38451	1.24756	-2.37819	9.17781	-8.47056	9.1	-8.4	1.0004	-3.00119
9.20196	-8.52235	1.19378	-2.42661	9.15332	-8.54857	9.15	-8.55	1.00038	-3.00117
9.24125	-8.63248	1.00091	-2.24695	9.22922	-8.6898	9.2	-8.65	0.909508	-1.819
9.28177	-8.76449	0.967359	-2.27001	9.24541	-8.76863	9.25	-8.75	0.9095	-1.81899
9.41023	-8.97091	1.58245	-2.90686	9.37748	-9.00609	9.35	-8.95	1.99965	-3.99928
9.47482	-9.13027	1.54656	-2.94153	9.44703	-9.15328	9.45	-9.15	1.99964	-3.99928
9.51402	-9.23656	1.2633	-2.65205	9.50096	-9.25642	9.5	-9.25	0.999584	-1.99917
9.5697	-9.36815	1.24819	-2.65261	9.54157	-9.35195	9.55	-9.35	0.999584	-1.99917
9.60618	-9.47734	1.08968	-2.49897	9.47534	-9.42627	9.55	-9.5	0	-3.00023
9.6269	-9.62552	1.00997	-2.55967	9.54779	-9.64959	9.55	-9.65	0	-3.0002
9.6892	-9.77357	1.09856	-2.67101	9.69942	-9.88416	9.6	-9.8	0.999005	-2.997
9.7161	-9.92371	1.03326	-2.71525	9.64606	-9.9341	9.65	-9.95	0.998995	-2.997
9.73953	-10.0377	0.815432	-2.48463	9.60087	-9.96395	9.7	-10.05	0.909855	-1.81969
9.77538	-10.1699	0.798111	-2.47844	9.73801	-10.1396	9.75	-10.15	0.909847	-1.81969
9.81987	-10.3021	0.804602	-2.49419	9.92627	-10.4745	9.75	-10.3	0	-3.00065
9.82734	-10.4492	0.726649	-2.55172	9.75524	-10.4732	9.75	-10.45	0	-3.00063
9.87023	-10.5989	0.791493	-2.63798	9.71825	-10.5087	9.8	-10.6	0.90817	-2.72451
9.8954	-10.7528	0.748988	-2.662	9.85048	-10.7526	9.85	-10.75	0.908161	-2.72448
9.91387	-10.8755	0.583935	-2.481	9.88465	-10.9383	9.85	-10.9	0	-2.73074
9.9118	-11.0308	0.503727	-2.53134	9.83614	-11.041	9.85	-11.05	0	-2.73073
9.93401	-11.1607	0.507335	-2.55204	9.83952	-11.1692	9.85	-11.2	0	-2.99965
9.92132	-11.3154	0.415618	-2.62016	9.84568	-11.3496	9.85	-11.35	0	-2.99961
9.93927	-11.4525	0.409036	-2.63583	9.87961	-11.5637	9.85	-11.5	0	-2.99843
9.91945	-11.6087	0.313497	-2.69872	9.83206	-11.6307	9.85	-11.65	0	-2.99843
9.88669	-11.6838	-0.0563713	-2.24518	9.85311	-11.8523	9.8	-11.75	-1.0003	-2.00061
9.84145	-11.8212	-0.157155	-2.31006	9.74928	-11.8442	9.75	-11.85	-1.00029	-2.00059
9.83039	-11.9429	-0.146773	-2.3485	9.69694	-11.9706	9.7	-12	-1.0004	-3.00119
9.7666	-12.0986	-0.283308	-2.44372	9.65354	-12.1497	9.65	-12.15	-1.00039	-3.00116
9.72982	-12.1945	-0.465316	-2.21489	9.72311	-12.3964	9.6	-12.25	-0.999885	-1.99981
9.65763	-12.3308	-0.581154	-2.28171	9.54859	-12.3478	9.55	-12.35	-0.999884	-1.99979
9.58746	-12.3913	-0.859092	-1.91143	9.39039	-12.3902	9.45	-12.45	-1.99803	-1.99805
9.48582	-12.5196	-0.99937	-1.99461	9.36086	-12.5501	9.35	-12.55	-1.99804	-1.99804
9.42451	-12.6285	-1.03059	-1.97142	9.34456	-12.7106	9.3	-12.65	-0.909773	-1.81953
9.3218	-12.7572	-1.13955	-2.02532	9.22134	-12.7613	9.25	-12.75	-0.909773	-1.81954
9.21363	-12.7794	-1.54459	-1.42581	9.15326	-13.0031	9.05	-12.85	-3.99257	-1.99629
9.03864	-12.9027	-1.77954	-1.55661	8.84161	-12.9519	8.85	-12.95	-3.99253	-1.99627
8.91658	-12.9579	-1.92621	-1.34919	8.71632	-12.9613	8.75	-13	-1.8213	-0.910651
8.76427	-13.0489	-2.03612	-1.39526	8.66358	-13.0431	8.65	-13.05	-1.8213	-0.910651
8.63658	-13.0766	-2.22871	-1.08555	8.54518	-13.1702	8.5	-13.1	-2.997	-0.999005
8.47117	-13.1522	-2.35699	-1.1418	8.35763	-13.1557	8.35	-13.15	-2.997	-0.998995
8.3092	-13.1489	-2.61277	-0.683041	8.22926	-13.1698	8.2	-13.15	-2.72741	0
8.12755	-13.1907	-2.69988	-0.701222	8.03583	-13.1513	8.05	-13.15	-2.72742	0
7.96018	-13.1911	-2.82286	-0.472345	7.82915	-13.0525	7.9	-13.15	-2.72986	0
7.79697	-13.209	-2.83844	-0.458935	7.76538	-13.1647	7.75	-13.15	-2.72986	0
7.66641	-13.2648	-2.73741	-0.674298	7.66145	-13.3079	7.6	-13.2	-2.9979	-0.999304
7.50727	-13.2956	-2.78664	-0.674653	7.44786	-13.2517	7.45	-13.25	-2.9979	-0.999304
7.33382	-13.2831	-2.9256	-0.377762	7.21108	-13.0985	7.3	-13.25	-2.72846	0
7.17443	-13.2909	-2.91774	-0.352921	7.16011	-13.2382	7.15	-13.25	-2.72844	0
6.99837	-13.2221	-3.14851	0.180959	6.88472	-12.9588	7	-13.2	-2.99784	0.999284
6.84874	-13.1992	-3.12537	0.208577	6.84891	-13.1493	6.85	-13.15	-2.99784	0.999284
6.6743	-13.1663	-3.18524	0.374402	6.77424	-13.2337	6.7	-13.1	-2.72787	0.909275
6.52513	-13.1248	-3.11818	0.419352	6.55759	-13.0679	6.55	-13.05	-2.72787	0.909284
6.36447	-13.1274	-3.03323	0.227723	6.40137	-13.0799	6.4	-13.05	-2.72678	0
6.22444	-13.097	-2.96515	0.266797	6.26174	-13.0534	6.25	-13.05	-2.72678	0
6.05764	-13.0569	-3.01844	0.431639	6.10143	-13.0076	6.1	-13	-2.72966	0.909888
5.91565	-13.0121	-2.95601	0.475821	5.94198	-12.9494	5.95	-12.95	-2.72963	0.90988
5.74543	-12.8931	-3.18149	1.12547	5.79854	-12.8478	5.8	-12.85	-2.99777	1.99851
5.61554	-12.8122	-3.10486	1.17636	5.65107	-12.7365	5.65	-12.75	-2.99778	1.99852
5.45854	-12.7742	-3.00129	0.936783	5.50547	-12.5721	5.55	-12.7	-1.81798	0.908995
5.34863	-12.6983	-2.86421	0.992615	5.43839	-12.652	5.45	-12.65	-1.81799	0.908995
5.18438	-12.5873	-2.96743	1.36065	5.27506	-12.4782	5.3	-12.55	-2.72627	1.81753
5.06256	-12.4961	-2.86488	1.39871	5.1307	-12.4684	5.15	-12.45	-2.72625	1.8175
4.9139	-12.4157	-2.84471	1.41182	5.04446	-12.3808	5.05	-12.35	-1.8199	1.81989
4.82431	-12.3092	-2.67843	1.47754	4.92985	-12.2499	4.95	-12.25	-1.81991	1.8199
4.69032	-12.2014	-2.71159	1.65667	4.75061	-11.9803	4.85	-12.15	-1.99928	1.99929
4.62831	-12.0956	-2.53042	1.71249	4.75915	-12.0666	4.75	-12.05	-1.99928	1.99928
4.49745	-11.9744	-2.54501	1.88152	4.69113	-11.9084	4.7	-11.9	-0.908236	2.72471
4.46531	-11.8286	-2.27629	1.97917	4.64378	-11.7442	4.65	-11.75	-0.908231	2.7247
4.3691	-11.7475	-2.14396	1.7387	4.59746	-11.6205	4.6	-11.65	-0.909847	1.81971
4.36121	-11.6177	-1.87283	1.82282	4.54975	-11.5706	4.55	-11.55	-0.909843	1.81969
4.24862	-11.4083	-2.10946	2.65251	4.47442	-11.3673	4.5	-11.35	-1.0008	4.0032
4.25238	-11.2342	-1.83768	2.75085	4.44059	-11.1496	4.45	-11.15	-1.0008	4.00321
4.20044	-11.1533	-1.57646	2.19432	4.43713	-11.024	4.45	-11.05	0	1.81614
4.2364	-10.9921	-1.27296	2.29507	4.45136	-10.93	4.45	-10.95	0	1.81612
4.18816	-10.8564	-1.22328	2.33198	4.44745	-10.786	4.45	-10.8	0	2.72555
4.24249	-10.6909	-0.923689	2.42895	4.45788	-10.6457	4.45	-10.65	0	2.72554
4.21572	-10.5601	-0.85508	2.40067	4.46329	-10.5756	4.45	-10.5	0	2.729
4.26807	-10.3928	-0.609454	2.49112	4.44057	-10.3382	4.45	-10.35	0	2.72898
4.26581	-10.2653	-0.501686	2.39719	4.51895	-10.2367	4.5	-10.2	0.908962	2.72687
4.35035	-10.0948	-0.225363	2.49972	4.54925	-10.0439	4.55	-10.05	0.908954	2.72685
4.36719	-9.96099	-0.137079	2.45789	4.63224	-9.9707	4.6	-9.9	0.909756	2.72927
4.45867	-9.79115	0.106292	2.55236	4.63755	-9.74952	4.65	-9.75	0.909752	2.72926
4.47936	-9.63292	0.137545	2.6104	4.60757	-9.4335	4.7	-9.6	0.90859	2.72578
4.57506	-9.46471	0.351329	2.68522	4.74589	-9.4609	4.75	-9.45	0.908586	2.72576
4.64095	-9.34634	0.549244	2.45692	4.89179	-9.39473	4.85	-9.3	1.81967	2.72952
4.76717	-9.17524	0.783888	2.55903	4.94849	-9.13867	4.95	-9.15	1.81967	2.72951
4.84607	-9.07009	0.978133	2.33573	4.95209	-8.96272	5	-9.05	0.999884	1.99977
4.94069	-8.94154	1.08723	2.37614	5.04121	-8.94979	5.05	-8.95	0.999874	1.99974
5.02401	-8.81903	1.17106	2.31651	5.20806	-8.88942	5.15	-8.8	1.81805	2.72708
5.14855	-8.66516	1.31741	2.39194	5.26887	-8.63564	5.25	-8.65	1.81803	2.72705
5.2562	-8.57203	1.52896	2.16499	5.3785	-8.56768	5.35	-8.55	1.99956	1.99957
5.3698	-8.4466	1.61884	2.21462	5.44864	-8.42738	5.45	-8.45	1.99954	1.99954
5.47333	-8.33798	1.68606	2.13927	5.56465	-8.44845	5.5	-8.35	0.909045	1.81807
5.55605	-8.22787	1.66108	2.11986	5.53862	-8.24357	5.55	-8.25	0.909045	1.81808
5.65209	-8.10738	1.68214	2.11696	5.64921	-8.02513	5.7	-8.1	2.72608	2.72608
5.77853	-7.97351	1.76358	2.16718	5.85094	-7.95601	5.85	-7.95	2.72606	2.72606
5.89273	-7.86153	1.85319	2.09243	5.93492	-7.84119	5.95	-7.85	1.81801	1.81801
6.01423	-7.73803	1.89926	2.1186	6.05986	-7.73559	6.05	-7.75	1.81802	1.81801
6.12475	-7.62544	1.9334	2.08722	6.13741	-7.63243	6.15	-7.65	1.81798	1.81798
6.23527	-7.51644	1.94078	2.07722	6.25659	-7.54336	6.25	-7.55	1.81798	1.81798
6.35329	-7.41208	2.00544	2.01467	6.39143	-7.46358	6.35	-7.45	1.82027	1.82027
6.45462	-7.31842	1.98094	1.97495	6.452	-7.36418	6.45	-7.35	1.82025	1.82025
6.58627	-7.23719	2.20968	1.78167	6.47916	-7.09783	6.6	-7.25	2.99862	1.99908
6.7123	-7.14235	2.2446	1.80155	6.7556	-7.14598	6.75	-7.15	2.99862	1.99908
6.79174	-7.01648	1.98689	2.00489	6.68682	-6.93297	6.8	-7.05	0.908005	1.816
6.88773	-6.92027	1.9539	1.96811	6.86356	-6.94732	6.85	-6.95	0.908	1.81601
7.03413	-6.84013	2.20114	1.76494	7.08741	-6.92602	7	-6.85	2.72856	1.81904
7.15485	-6.74516	2.19989	1.76037	7.15695	-6.75136	7.15	-6.75	2.72854	1.81902
7.25021	-6.63595	2.02256	1.88711	7.29976	-6.68807	7.25	-6.65	1.8202	1.8202
7.3572	-6.54066	2.01139	1.86686	7.35505	-6.56058	7.35	-6.55	1.82018	1.82018
7.52817	-6.48926	2.47721	1.53298	7.53544	-6.5372	7.5	-6.5	2.99964	0.999884
7.64866	-6.42633	2.46585	1.5014	7.65664	-6.46417	7.65	-6.45	2.99964	0.999884
7.77128	-6.34404	2.41058	1.51627	7.67559	-6.34628	7.75	-6.4	1.81709	0.908549
7.88298	-6.29289	2.35808	1.43475	7.85193	-6.35845	7.85	-6.35	1.81709	0.908545
8.01074	-6.21854	2.34626	1.42874	8.03231	-6.28406	8	-6.25	2.72931	1.81954
8.13866	-6.14191	2.34361	1.42404	8.13749	-6.14586	8.15	-6.15	2.72928	1.81952
8.22455	-6.05321	2.13237	1.55746	8.21488	-6.01843	8.25	-6.05	1.99977	1.99976
8.33474	-5.96667	2.1421	1.57853	8.33626	-5.94674	8.35	-5.95	1.99977	1.99976
8.50085	-5.89969	2.46741	1.39855	8.50318	-5.89335	8.5	-5.9	2.72796	0.909326
8.63814	-5.83286	2.46771	1.37653	8.65894	-5.86309	8.65	-5.85	2.72796	0.909321
8.73254	-5.73898	2.17453	1.53677	8.77185	-5.74314	8.75	-5.75	1.81776	1.81775
8.85366	-5.65067	2.17849	1.546	8.85444	-5.64273	8.85	-5.65	1.81774	1.81773
8.94734	-5.56714	2.05416	1.61079	9.02394	-5.6024	8.95	-5.55	1.99657	1.99656
9.05298	-5.47656	2.06227	1.63468	9.05088	-5.45385	9.05	-5.45	1.99654	1.99655
9.21017	-5.39951	2.40209	1.47731	9.04088	-5.29691	9.2	-5.4	2.72728	0.909094
9.34163	-5.32074	2.40019	1.4713	9.34223	-5.32623	9.35	-5.35	2.72727	0.90909
9.42429	-5.22432	2.0682	1.61571	9.39579	-5.21659	9.45	-5.25	1.81816	1.81815
9.54149	-5.13316	2.07536	1.62243	9.55303	-5.13194	9.55	-5.15	1.81813	1.81813
9.637	-5.04375	1.92329	1.67452	9.75019	-5.14652	9.65	-5.05	1.82036	1.82036
9.74755	-4.94392	1.93443	1.6948	9.7586	-4.93134	9.75	-4.95	1.82036	1.82037
9.83802	-4.84537	1.80195	1.74993	9.9198	-4.86941	9.85	-4.85	1.81578	1.81577
9.94162	-4.74579	1.81088	1.7591	9.95641	-4.74358	9.95	-4.75	1.81575	1.81575
10.0189	-4.63555	1.65532	1.8354	10.0029	-4.54771	10.05	-4.6	1.82039	2.7306
10.1225	-4.50444	1.68552	1.91168	10.1428	-4.45119	10.15	-4.45	1.8204	2.7306
10.2074	-4.38642	1.62563	1.95961	10.1981	-4.26556	10.25	-4.3	1.81769	2.72652
10.3182	-4.23501	1.67396	2.07087	10.3644	-4.16342	10.35	-4.15	1.81768	2.7265
10.4491	-4.12393	1.89985	2.01884	10.5985	-4.12247	10.45	-4.05	1.81792	1.81792
10.5555	-3.99051	1.90755	2.07307	10.5415	-3.9454	10.55	-3.95	1.8179	1.8179
10.6539	-3.87251	1.8461	2.09813	10.7092	-3.85166	10.65	-3.85	1.81903	1.81904
10.757	-3.75431	1.84952	2.10551	10.7616	-3.75002	10.75	-3.75	1.81902	1.81903
10.7986	-3.62891	1.43104	2.20921	10.795	-3.60617	10.8	-3.6	0.909773	2.72931
10.8752	-3.49278	1.42949	2.24419	10.8527	-3.46164	10.85	-3.45	0.909764	2.72928
10.9827	-3.37845	1.68388	2.20509	10.9584	-3.30584	10.95	-3.3	1.99953	2.99928
11.0685	-3.2308	1.69222	2.29628	11.0447	-3.1561	11.05	-3.15	1.9995	2.99925
11.107	-3.09181	1.30045	2.38823	11.1178	-2.98807	11.1	-3	0.907725	2.72317
11.1765	-2.92873	1.3006	2.46458	11.1427	-2.86566	11.15	-2.85	0.907708	2.72314
11.2233	-2.78415	1.14085	2.50733	11.1491	-2.68183	11.2	-2.7	0.908929	2.72678
11.2839	-2.61446	1.14021	2.58461	11.2525	-2.55311	11.25	-2.55	0.908929	2.72678
11.215	-2.4639	0.232884	2.70934	11.1188	-2.36202	11.2	-2.4	-0.909276	2.72782
11.2177	-2.29626	0.216569	2.75298	11.1594	-2.25598	11.15	-2.25	-0.909276	2.72782
11.3287	-2.14008	0.94827	2.69	11.2029	-2.09837	11.25	-2.1	1.81915	2.72871
11.3769	-1.98067	0.942029	2.71764	11.3525	-1.95787	11.35	-1.95	1.81913	2.72869
11.3769	-1.8313	0.59512	2.74389	11.3011	-1.79507	11.35	-1.8	0	2.73035
11.3963	-1.67894	0.572005	2.74542	11.3326	-1.67041	11.35	-1.65	0	2.73033
11.3293	-1.54022	-0.0367496	2.78294	11.0622	-1.44342	11.3	-1.5	-0.999165	2.99748
11.3168	-1.38719	-0.054534	2.8152	11.2595	-1.35818	11.25	-1.35	-0.999155	2.99745
11.2637	-1.23759	-0.386813	2.8163	11.1658	-1.23674	11.2	-1.25	-0.909822	1.81964
11.2257	-1.11148	-0.415336	2.74256	11.1524	-1.15803	11.15	-1.15	-0.909822	1.81964
11.0982	-0.980918	-1.11849	2.74612	10.8534	-0.929069	11.05	-0.95	-1.99817	3.99632
11.0296	-0.803961	-1.1405	2.84271	10.9584	-0.728742	10.95	-0.75	-1.99816	3.99632
10.9781	-0.646602	-1.02781	2.84267	10.8608	-0.663121	10.9	-0.649999	-0.908549	1.8171
10.9115	-0.513102	-1.04409	2.78427	10.8648	-0.553034	10.85	-0.549999	-0.908532	1.81708
10.8058	-0.375328	-1.40383	2.74474	10.8451	-0.437482	10.75	-0.45	-1.8174	1.81738
10.7157	-0.268955	-1.42332	2.63195	10.6542	-0.347474	10.65	-0.35	-1.8174	1.81738
10.5374	-0.152552	-2.13776	2.54951	10.5062	-0.245062	10.5	-0.25	-2.72796	1.81864
10.4072	-0.0623512	-2.15573	2.42344	10.3438	-0.150982	10.35	-0.15	-2.72796	1.81864
10.3161	0.0586373	-2.00416	2.39672	10.4884	-0.0812124	10.25	-0.0999996	-1.81964	0.909826
10.1986	0.104555	-2.00918	2.1812	10.1537	-0.0482457	10.15	-0.0499992	-1.81963	0.909818
10.0429	0.194633	-2.3068	2.09518	9.92588	0.00395802	10	9.49949e-007	-2.73049	0.910169
9.90867	0.211574	-2.31035	1.84821	9.85676	0.0351738	9.85	0.0500011	-2.73047	0.910161
9.74923	0.281185	-2.51712	1.75829	9.63973	0.0585714	9.7	0.0500011	-2.72439	0
9.60365	0.256893	-2.5176	1.45302	9.54669	0.0374948	9.55	0.0500011	-2.72438	0
9.44187	0.308724	-2.65776	1.37603	9.32242	0.112393	9.4	0.100001	-2.72773	0.90923
9.28975	0.302993	-2.66094	1.17015	9.24446	0.153574	9.25	0.15	-2.7277	0.909222
9.13539	0.3465	-2.70185	1.11517	9.0614	0.20077	9.1	0.2	-2.72652	0.908843
8.98182	0.356305	-2.70616	0.984329	8.94752	0.260272	8.95	0.25	-2.72653	0.908843
8.88557	0.394675	-2.33476	0.959443	8.90199	0.247143	8.85	0.25	-1.81847	0
8.76007	0.383202	-2.32462	0.79617	8.76016	0.263752	8.75	0.25	-1.81846	0
8.54587	0.396745	-2.92952	0.692944	8.46355	0.258809	8.55	0.25	-3.6326	0
8.38152	0.372042	-2.92991	0.532432	8.35367	0.252596	8.35	0.25	-3.6326	0
8.22789	0.379879	-2.8325	0.481198	8.05161	0.241868	8.2	0.25	-2.72841	0
8.07093	0.352233	-2.83081	0.342481	8.05411	0.247878	8.05	0.25	-2.72842	0
7.92526	0.347018	-2.72558	0.284099	7.78653	0.205765	7.9	0.2	-2.72708	-0.909025
7.77218	0.288965	-2.72644	0.0942068	7.74339	0.144028	7.75	0.15	-2.72705	-0.909016
7.63014	0.261929	-2.71653	0.0101489	7.77346	0.0969346	7.6	0.100001	-2.73169	-0.910554
7.4782	0.190127	-2.71798	-0.177414	7.45362	0.0452052	7.45	0.0500011	-2.73169	-0.910554
7.31293	0.15875	-2.88935	-0.23883	7.15329	0.0425189	7.3	0.0500011	-2.99789	0
7.16874	0.109113	-2.88788	-0.337156	7.16618	0.0287673	7.15	0.0500011	-2.9979	0
7.0837	0.063026	-2.37983	-0.406832	7.17215	-0.0469302	7.05	-0.0499995	-1.81811	-1.81813
6.95372	-0.0194332	-2.37827	-0.564628	6.95426	-0.147757	6.95	-0.15	-1.8181	-1.81811
6.85732	-0.0910805	-2.12219	-0.674947	6.83008	-0.250179	6.85	-0.25	-1.81646	-1.81646
6.74452	-0.197098	-2.11743	-0.85684	6.76395	-0.345347	6.75	-0.35	-1.81645	-1.81645
6.66628	-0.290097	-1.86194	-0.987439	6.74798	-0.457727	6.65	-0.45	-1.81901	-1.819
6.55978	-0.414008	-1.87441	-1.17247	6.54569	-0.565853	6.55	-0.549999	-1.81899	-1.81898
6.53535	-0.550817	-1.30519	-1.40156	6.565	-0.754748	6.5	-0.749999	-0.909789	-3.63914
6.458	-0.725033	-1.32771	-1.66078	6.4494	-0.940848	6.45	-0.949999	-0.909781	-3.63911
6.41942	-0.876946	-1.11583	-1.86891	6.44213	-1.11266	6.4	-1.1	-1.0002	-3.00061
6.35557	-1.05691	-1.14779	-2.10005	6.34405	-1.26138	6.35	-1.25	-1.0002	-3.00061
6.31747	-1.20655	-1.01025	-2.24148	6.39474	-1.36501	6.3	-1.35	-1.00035	-2.00072
6.26214	-1.35063	-1.02783	-2.327	6.25356	-1.42931	6.25	-1.45	-1.00036	-2.00072
6.27385	-1.53013	-0.52802	-2.59299	6.24787	-1.61119	6.25	-1.6	0	-2.99288
6.24258	-1.68652	-0.545714	-2.6633	6.23547	-1.75335	6.25	-1.75	0	-2.99285
6.28269	-1.8839	-0.0361062	-2.91573	6.41111	-1.93027	6.3	-1.9	0.909739	-2.72921
6.29248	-2.04429	-0.0147673	-2.91405	6.34873	-2.05372	6.35	-2.05	0.909735	-2.72921
6.30102	-2.20248	-0.0129852	-2.9007	6.53066	-2.26346	6.35	-2.2	0	-2.72782
6.31417	-2.35226	0.0170501	-2.87296	6.36917	-2.33894	6.35	-2.35	0	-2.72779
6.3195	-2.51925	0.0704215	-2.91588	6.27034	-2.51837	6.35	-2.55	0	-3.63689
6.32433	-2.69415	0.0656457	-2.95271	6.34287	-2.73391	6.35	-2.75	0	-3.63689
6.37435	-2.89275	0.39882	-3.1581	6.45883	-2.92313	6.4	-2.9	0.908854	-2.72658
6.40499	-3.06295	0.417095	-3.14719	6.43866	-3.06257	6.45	-3.05	0.908859	-2.72658
6.44604	-3.23781	0.52721	-3.18699	6.49154	-3.20004	6.5	-3.2	0.908863	-2.72658
6.49201	-3.38914	0.571734	-3.1235	6.53579	-3.34211	6.55	-3.35	0.908855	-2.72655
6.54216	-3.55272	0.639734	-3.11358	6.70146	-3.53446	6.6	-3.5	0.908714	-2.72613
6.5977	-3.6954	0.693535	-3.03846	6.64657	-3.63945	6.65	-3.65	0.908702	-2.72611
6.65169	-3.86032	0.777808	-3.06012	6.70956	-3.81739	6.7	-3.8	0.909565	-2.72871
6.71084	-4.00631	0.820917	-3.0021	6.74885	-3.96368	6.75	-3.95	0.909561	-2.72869
6.75488	-4.1557	0.796967	-2.94561	6.73758	-4.06653	6.8	-4.1	0.908566	-2.72568
6.81655	-4.29552	0.843013	-2.88751	6.85796	-4.25464	6.85	-4.25	0.908561	-2.72569
6.91362	-4.4787	1.14817	-3.07354	7.10395	-4.4909	6.95	-4.4	1.81821	-2.72732
6.99955	-4.61671	1.20843	-2.99379	7.04679	-4.55716	7.05	-4.55	1.81822	-2.72732
7.05782	-4.75883	1.13673	-2.89823	7.02393	-4.64459	7.1	-4.7	0.91085	-2.73253
7.12847	-4.89896	1.16226	-2.85164	7.13435	-4.85502	7.15	-4.85	0.910837	-2.73251
7.17593	-5.0171	1.04372	-2.72039	7.24619	-4.97657	7.2	-4.95	1.00033	-2.00068
7.24222	-5.12165	1.08721	-2.64374	7.25317	-5.04605	7.25	-5.05	1.00033	-2.00066
7.33933	-5.28018	1.42445	-2.88322	7.22054	-5.09604	7.35	-5.2	1.9976	-2.9964
7.42242	-5.40188	1.45887	-2.82775	7.43604	-5.34825	7.45	-5.35	1.9976	-2.9964
7.46085	-5.50793	1.13929	-2.53411	7.40989	-5.38617	7.5	-5.45	0.908252	-1.8165
7.53798	-5.62248	1.17971	-2.47271	7.55662	-5.56714	7.55	-5.55	0.908244	-1.81648
7.61992	-5.76684	1.36198	-2.60179	7.39379	-5.52612	7.65	-5.7	1.81785	-2.72677
7.71726	-5.88505	1.41839	-2.53811	7.76459	-5.8425	7.75	-5.85	1.81785	-2.72677
7.75986	-5.98593	1.12133	-2.27375	7.84699	-6.00602	7.8	-5.95	0.909078	-1.81815
7.8365	-6.08903	1.16123	-2.21946	7.85921	-6.04502	7.85	-6.05	0.909073	-1.81815
7.93289	-6.2334	1.40558	-2.40721	7.89511	-6.1416	7.95	-6.2	1.8197	-2.72955
8.02189	-6.36003	1.43189	-2.39058	8.05619	-6.36041	8.05	-6.35	1.81969	-2.72953
8.12685	-6.50949	1.59337	-2.51499	8.2234	-6.53735	8.15	-6.5	1.8187	-2.72807
8.2243	-6.64431	1.61487	-2.5039	8.25446	-6.64851	8.25	-6.65	1.81869	-2.72804
8.27401	-6.74399	1.30964	-2.23471	8.32206	-6.77114	8.3	-6.75	0.908979	-1.81795
8.34136	-6.8619	1.3022	-2.22532	8.31728	-6.8399	8.35	-6.85	0.908979	-1.81795
8.4086	-6.98517	1.31286	-2.24565	8.2713	-6.91098	8.4	-7	0.909094	-2.72732
8.46668	-7.12522	1.27717	-2.28681	8.44183	-7.15372	8.45	-7.15	0.909102	-2.72732
8.56534	-7.2792	1.496	-2.48621	8.54154	-7.25975	8.55	-7.3	1.81751	-2.72628
8.64538	-7.43025	1.48545	-2.51801	8.65899	-7.4699	8.65	-7.45	1.81752	-2.72628
8.69807	-7.54071	1.23044	-2.28592	8.83598	-7.68162	8.7	-7.55	0.908615	-1.81723
8.76876	-7.65905	1.23962	-2.26878	8.76769	-7.64094	8.75	-7.65	0.908607	-1.81721
8.86405	-7.81036	1.46573	-2.47792	8.77916	-7.72457	8.85	-7.8	1.8215	-2.73224
8.94719	-7.94667	1.4711	-2.47753	8.95669	-7.95155	8.95	-7.95	1.82148	-2.73221
9.02881	-8.08395	1.51194	-2.53029	9.1081	-8.22433	9	-8.1	0.999025	-2.99707
9.08876	-8.22401	1.47413	-2.56476	9.05476	-8.24211	9.05	-8.25	0.999015	-2.99704
9.12332	-8.32184	1.12369	-2.23767	9.13825	-8.4037	9.1	-8.35	0.908285	-1.81657
9.17299	-8.45078	1.0962	-2.25432	9.14025	-8.44981	9.15	-8.45	0.908268	-1.81655
9.24305	-8.58716	1.17791	-2.33994	9.22081	-8.59155	9.2	-8.6	0.91012	-2.73036
9.28804	-8.73398	1.1297	-2.38567	9.25031	-8.76071	9.25	-8.75	0.910112	-2.73033
9.35169	-8.87335	1.15887	-2.43081	9.30208	-8.90831	9.3	-8.9	0.909524	-2.72856
9.39237	-9.02499	1.10377	-2.47692	9.34431	-9.04587	9.35	-9.05	0.909524	-2.72856
9.4564	-9.16484	1.1882	-2.57862	9.39993	-9.18842	9.4	-9.2	0.999066	-2.99725
9.48948	-9.3219	1.1219	-2.64674	9.4452	-9.37195	9.45	-9.35	0.999075	-2.99724
9.54456	-9.46403	1.08958	-2.62214	9.48751	-9.46421	9.5	-9.5	0.909706	-2.7291
9.58597	-9.62434	1.04444	-2.66243	9.55098	-9.64789	9.55	-9.65	0.909706	-2.7291
9.6378	-9.76149	1.06162	-2.69136	9.57122	-9.75525	9.6	-9.8	1.00048	-3.00143
9.66848	-9.91463	1.00723	-2.73796	9.62408	-9.94149	9.65	-9.95	1.00046	-3.00141
9.69997	-10.0306	0.887253	-2.60773	9.61433	-9.96417	9.7	-10.05	0.998785	-1.99755
9.74582	-10.1582	0.891489	-2.60113	9.7457	-10.1502	9.75	-10.15	0.998775	-1.99754
9.76718	-10.2703	0.677668	-2.36759	9.77731	-10.3295	9.75	-10.3	0	-2.72851
9.78871	-10.4174	0.63776	-2.40808	9.76557	-10.4501	9.75	-10.45	0	-2.72849
9.84185	-10.5767	0.76137	-2.56179	9.89592	-10.7137	9.8	-10.6	0.909012	-2.72704
9.87071	-10.7305	0.728732	-2.59287	9.85066	-10.7537	9.85	-10.75	0.909012	-2.72703
9.8893	-10.8451	0.606445	-2.468	9.84397	-10.9287	9.85	-10.9	0	-3.00318
9.89385	-10.996	0.540913	-2.53316	9.85693	-11.0512	9.85	-11.05	0	-3.00316
9.91515	-11.1228	0.543341	-2.5524	9.74773	-11.0482	9.85	-11.2	0	-3.00013
9.90459	-11.2869	0.448603	-2.63946	9.84407	-11.3565	9.85	-11.35	0	-3.00012
9.92532	-11.428	0.470345	-2.69239	9.79495	-11.4686	9.85	-11.5	0	-2.99592
9.91026	-11.5944	0.375416	-2.76944	9.83943	-11.6467	9.85	-11.65	0	-2.99592
9.87664	-11.6766	-0.0223486	-2.27359	9.76634	-11.6976	9.8	-11.75	-0.908731	-1.81746
9.83376	-11.8271	-0.121789	-2.33845	9.74774	-11.8511	9.75	-11.85	-0.908731	-1.81746
9.81806	-11.9534	-0.185476	-2.28124	9.7856	-12.1262	9.7	-12	-0.909591	-2.72875
9.75299	-12.1125	-0.317065	-2.36614	9.64482	-12.1455	9.65	-12.15	-0.909582	-2.72873
9.72479	-12.2405	-0.359804	-2.33992	9.57233	-12.2948	9.6	-12.3	-0.908879	-2.72667
9.64968	-12.4075	-0.494555	-2.43347	9.55167	-12.4583	9.55	-12.45	-0.908879	-2.72665
9.57715	-12.4821	-0.796816	-2.02964	9.37132	-12.4833	9.45	-12.55	-1.82006	-1.82006
9.47418	-12.6256	-0.938306	-2.11105	9.359	-12.6499	9.35	-12.65	-1.82005	-1.82005
9.37724	-12.6619	-1.27807	-1.63473	9.16109	-12.6848	9.2	-12.75	-3.00047	-2.00033
9.21823	-12.7934	-1.50556	-1.76203	9.028	-12.8337	9.05	-12.85	-3.00048	-2.00033
9.10181	-12.8452	-1.71144	-1.46692	8.85918	-12.7953	8.95	-12.9	-1.81543	-0.907707
8.95211	-12.9525	-1.8439	-1.53498	8.84257	-12.9684	8.85	-12.95	-1.81542	-0.907708
8.83618	-13.023	-1.91632	-1.4444	8.66865	-13.0114	8.7	-13.05	-2.73134	-1.82089
8.67044	-13.1298	-2.06121	-1.51473	8.55319	-13.1445	8.55	-13.15	-2.73135	-1.82089
8.50965	-13.0963	-2.47867	-0.79486	8.27267	-12.996	8.4	-13.15	-2.99683	0
8.3449	-13.1508	-2.5751	-0.834613	8.25965	-13.1488	8.25	-13.15	-2.9968	0
8.19934	-13.1991	-2.55848	-0.884413	8.04571	-13.0646	8.1	-13.2	-2.72707	-0.909028
8.02604	-13.2578	-2.63551	-0.912338	7.95841	-13.2508	7.95	-13.25	-2.72705	-0.90902
7.8641	-13.2707	-2.78952	-0.620338	7.866	-13.4154	7.8	-13.25	-2.7295	0
7.68765	-13.3002	-2.84041	-0.617452	7.62489	-13.249	7.65	-13.25	-2.7295	0
7.53383	-13.3019	-2.9364	-0.418858	7.50783	-13.2944	7.5	-13.25	-2.99994	0
7.37891	-13.3106	-2.95024	-0.398205	7.3419	-13.2474	7.35	-13.25	-2.99994	0
7.19548	-13.2663	-3.1421	0.0426261	7.19781	-13.1973	7.2	-13.2	-2.72698	0.908995
7.0404	-13.2396	-3.09287	0.0926076	7.04935	-13.1606	7.05	-13.15	-2.72695	0.908987
6.86149	-13.2095	-3.14839	0.225298	6.79473	-13.0433	6.85	-13.15	-3.63709	0
6.67886	-13.1924	-3.16866	0.231887	6.65123	-13.1604	6.65	-13.15	-3.63709	0
6.50962	-13.1431	-3.27995	0.508678	6.54115	-13.2079	6.5	-13.1	-3.0006	1.00018
6.35433	-13.1011	-3.25406	0.54099	6.35317	-13.0396	6.35	-13.05	-3.0006	1.00019
6.19718	-13.1328	-3.07711	0.108033	6.27012	-13.1139	6.25	-13.05	-1.81729	0
6.07385	-13.1016	-2.96183	0.164809	6.14459	-13.0471	6.15	-13.05	-1.81729	0
5.89626	-13.0129	-3.1415	0.70436	5.99498	-12.9442	6	-12.95	-2.72861	1.81906
5.78222	-12.9365	-2.99246	0.786026	5.86379	-12.8408	5.85	-12.85	-2.72861	1.81907
5.63451	-12.881	-3.01577	0.895342	5.73761	-12.8672	5.7	-12.8	-2.99988	0.999964
5.51287	-12.8142	-2.94029	0.941398	5.55118	-12.7486	5.55	-12.75	-2.99985	0.999954
5.37432	-12.7785	-2.89519	0.851368	5.45236	-12.7392	5.45	-12.7	-2.00001	1
5.27825	-12.7094	-2.77227	0.90936	5.35556	-12.6423	5.35	-12.65	-1.99998	0.999994
5.13766	-12.6218	-2.84165	1.18728	5.26451	-12.5511	5.25	-12.55	-1.99732	1.99733
5.05125	-12.5292	-2.69947	1.2584	5.13769	-12.4355	5.15	-12.45	-1.9973	1.9973
4.91173	-12.448	-2.70964	1.37362	5.1317	-12.5744	5.05	-12.35	-1.8206	1.82059
4.83358	-12.3362	-2.53167	1.45387	4.94432	-12.2438	4.95	-12.25	-1.82058	1.82058
4.70016	-12.188	-2.67121	1.98204	4.89215	-12.1623	4.85	-12.1	-1.9998	2.99969
4.637	-12.0529	-2.49356	2.06112	4.75047	-11.9578	4.75	-11.95	-1.9998	2.9997
4.52949	-11.968	-2.40212	1.88055	4.6421	-11.7788	4.7	-11.85	-1.00002	2.00003
4.49394	-11.8374	-2.1906	1.96371	4.63967	-11.7513	4.65	-11.75	-1.00001	2.00002
4.38735	-11.6966	-2.24561	2.24654	4.58347	-11.632	4.6	-11.6	-0.998955	2.99688
4.3793	-11.5437	-1.98578	2.34134	4.56619	-11.4576	4.55	-11.45	-0.99896	2.99689
4.28923	-11.3981	-1.9916	2.49343	4.46846	-11.2092	4.5	-11.3	-1.00106	3.00319
4.28669	-11.2338	-1.74951	2.5864	4.46017	-11.1425	4.45	-11.15	-1.00106	3.00319
4.23054	-11.1518	-1.53392	2.12123	4.43672	-11.0976	4.45	-11.05	0	1.8168
4.24971	-11.0017	-1.27812	2.20519	4.43803	-10.9525	4.45	-10.95	0	1.81679
4.1994	-10.8679	-1.26659	2.32445	4.40556	-10.7068	4.45	-10.8	0	3.00139
4.24713	-10.7156	-0.992336	2.41702	4.45507	-10.6618	4.45	-10.65	0	3.00138
4.23892	-10.64	-0.789878	2.05406	4.44716	-10.5583	4.45	-10.55	0	2.00041
4.2875	-10.5041	-0.571217	2.13763	4.45187	-10.4417	4.45	-10.45	0	2.00038
4.27593	-10.3846	-0.529797	2.17274	4.45602	-10.2142	4.5	-10.3	0.999584	2.99875
4.35597	-10.2305	-0.264084	2.28557	4.55349	-10.1343	4.55	-10.15	0.999574	2.99871
4.35313	-10.0823	-0.267862	2.41808	4.56608	-10.005	4.55	-10	0	2.72717
4.41773	-9.9137	-0.0701958	2.50761	4.55922	-9.84124	4.55	-9.85	0	2.72714
4.44982	-9.79318	0.0868411	2.32135	4.62339	-9.6559	4.65	-9.7	1.8193	2.72895
4.55844	-9.61928	0.344617	2.44075	4.7439	-9.53522	4.75	-9.55	1.81929	2.72894
4.5855	-9.46832	0.334326	2.58365	4.74852	-9.27389	4.8	-9.4	1.00006	3.00019
4.68564	-9.30235	0.540386	2.68175	4.8446	-9.24095	4.85	-9.25	1.00005	3.00015
4.78125	-9.22564	0.887242	2.21874	4.98605	-9.20516	4.95	-9.15	2.00004	2.00005
4.89202	-9.08349	1.05105	2.30274	5.02283	-9.03066	5.05	-9.05	2.00004	2.00004
4.94095	-8.94158	0.967114	2.49757	5.12819	-8.95913	5.1	-8.9	0.999704	2.99911
5.04094	-8.78779	1.09512	2.57345	5.14109	-8.73073	5.15	-8.75	0.999689	2.99907
5.15916	-8.69593	1.39942	2.20023	5.33883	-8.81618	5.25	-8.65	1.81848	1.81849
5.27493	-8.56322	1.49196	2.23893	5.36408	-8.56805	5.35	-8.55	1.81846	1.81846
5.34061	-8.42598	1.4093	2.39109	5.38848	-8.31037	5.45	-8.4	2.00068	3.00103
5.45226	-8.28437	1.50967	2.45266	5.53874	-8.25196	5.55	-8.25	2.00066	3.00099
5.57051	-8.18697	1.76005	2.19533	5.56632	-8.04704	5.65	-8.15	1.99952	1.99953
5.685	-8.06449	1.82347	2.23274	5.7459	-8.05196	5.75	-8.05	1.9995	1.9995
5.76789	-7.94203	1.76401	2.3086	5.78426	-7.91676	5.8	-7.95	0.999944	1.99989
5.84982	-7.83937	1.74592	2.27999	5.84978	-7.88144	5.85	-7.85	0.999939	1.99988
5.95061	-7.73509	1.83599	2.18783	5.92249	-7.69769	5.95	-7.75	1.99772	1.99772
6.04011	-7.63071	1.82901	2.17624	6.04031	-7.64732	6.05	-7.65	1.99771	1.9977
6.15467	-7.52341	1.91797	2.08546	6.16773	-7.55437	6.15	-7.55	1.8199	1.8199
6.25047	-7.4213	1.89311	2.05503	6.23866	-7.45306	6.25	-7.45	1.8199	1.81991
6.3845	-7.34216	2.17079	1.80444	6.25322	-7.17734	6.4	-7.35	2.99605	1.99736
6.50924	-7.24583	2.20752	1.82488	6.55461	-7.24907	6.55	-7.25	2.99605	1.99736
6.65508	-7.16649	2.36742	1.67596	6.67172	-7.23041	6.65	-7.2	1.8206	0.910303
6.7679	-7.09857	2.323	1.61645	6.74664	-7.15616	6.75	-7.15	1.8206	0.910298
6.85179	-7.00121	2.13041	1.76124	6.79888	-6.99594	6.85	-7.05	1.99848	1.99848
6.95296	-6.9257	2.11487	1.7317	6.95342	-6.96092	6.95	-6.95	1.99846	1.99846
7.09832	-6.8511	2.28933	1.59059	7.17955	-6.9446	7.1	-6.85	2.72688	1.81792
7.23384	-6.75142	2.31333	1.62152	7.24929	-6.7261	7.25	-6.75	2.72688	1.81792
7.33293	-6.64738	2.10587	1.77339	7.42782	-6.72337	7.35	-6.65	1.81821	1.81821
7.45248	-6.54814	2.11418	1.77889	7.46332	-6.54842	7.45	-6.55	1.81821	1.81821
7.58139	-6.46409	2.21467	1.68977	7.54452	-6.5069	7.55	-6.5	1.81726	0.908632
7.68276	-6.40197	2.16326	1.612	7.65373	-6.46481	7.65	-6.45	1.81726	0.908632
7.84485	-6.34576	2.45743	1.39237	7.8635	-6.45394	7.8	-6.4	2.72951	0.909839
7.96397	-6.2944	2.41748	1.32903	7.94162	-6.34466	7.95	-6.35	2.72948	0.909826
8.04012	-6.20615	2.15533	1.48877	7.89525	-6.11857	8.05	-6.25	2.00047	2.00048
8.14123	-6.13728	2.14034	1.4732	8.12355	-6.14389	8.15	-6.15	2.00048	2.00048
8.27177	-6.05944	2.21323	1.43809	8.31422	-6.05705	8.3	-6.05	2.72702	1.81801
8.40794	-5.97261	2.24435	1.4621	8.45315	-5.97158	8.45	-5.95	2.727	1.818
8.51778	-5.89832	2.22501	1.47392	8.53167	-5.90349	8.55	-5.9	2.00127	1.00064
8.63109	-5.82628	2.22867	1.47131	8.64207	-5.83392	8.65	-5.85	2.00128	1.00064
8.77261	-5.76461	2.40414	1.38195	8.88764	-5.82241	8.8	-5.75	2.99963	1.99976
8.90753	-5.67686	2.43809	1.43106	8.94256	-5.64534	8.95	-5.65	2.99961	1.99974
9.00915	-5.59337	2.24376	1.54334	9.21669	-5.64514	9.05	-5.55	1.99699	1.997
9.13316	-5.4949	2.27219	1.59707	9.15342	-5.45253	9.15	-5.45	1.997	1.99701
9.23111	-5.39186	2.09536	1.6928	9.16723	-5.29709	9.25	-5.35	1.8166	1.81659
9.35183	-5.27936	2.11067	1.73978	9.34852	-5.23619	9.35	-5.25	1.8166	1.81659
9.4486	-5.17379	1.99002	1.80137	9.39027	-5.1041	9.45	-5.15	1.8222	1.82219
9.55667	-5.06742	1.98961	1.8185	9.54207	-5.04728	9.55	-5.05	1.82219	1.82219
9.67795	-4.98764	2.15439	1.73772	9.62802	-5.02338	9.65	-5	1.99604	0.998028
9.77556	-4.91648	2.13129	1.69632	9.75	-4.94288	9.75	-4.95	1.99605	0.998028
9.86166	-4.81805	1.91414	1.77129	9.88102	-4.86216	9.85	-4.85	1.81895	1.81894
9.95947	-4.73577	1.89684	1.73285	9.94502	-4.76247	9.95	-4.75	1.81894	1.81894
10.0359	-4.63132	1.69175	1.81329	10.0747	-4.62454	10.05	-4.6	1.81966	2.72951
10.1363	-4.50507	1.71127	1.87902	10.1384	-4.4533	10.15	-4.45	1.81965	2.72948
10.2284	-4.39657	1.70793	1.89117	10.1743	-4.32841	10.25	-4.35	1.81908	1.81907
10.3299	-4.27966	1.72457	1.92461	10.3492	-4.25956	10.35	-4.25	1.81908	1.81907
10.4173	-4.17833	1.69288	1.95079	10.56	-4.15868	10.45	-4.1	2.00061	3.0009
10.5197	-4.03757	1.7336	2.06035	10.5557	-3.96034	10.55	-3.95	2.0006	3.0009
10.638	-3.93296	1.91404	2.03175	10.7738	-3.89129	10.65	-3.85	1.99963	1.99964
10.7396	-3.80365	1.92973	2.1003	10.7394	-3.74821	10.75	-3.75	1.99962	1.99962
10.7609	-3.68131	1.39866	2.24625	10.7674	-3.58281	10.8	-3.6	0.999844	2.99952
10.8433	-3.52323	1.4283	2.36074	10.8596	-3.4348	10.85	-3.45	0.999834	2.99949
10.9558	-3.405	1.71362	2.312	10.9601	-3.36033	10.95	-3.35	2.00065	2.00064
11.0449	-3.27638	1.72165	2.34474	11.0504	-3.25128	11.05	-3.25	2.00064	2.00064
11.0704	-3.14966	1.3005	2.43329	11.0282	-3.07488	11.1	-3.1	0.998546	2.99563
11.1431	-2.99898	1.3173	2.50572	11.1569	-2.944	11.15	-2.95	0.998526	2.9956
11.1343	-2.85311	0.735476	2.60844	11.1386	-2.78926	11.15	-2.8	0	2.73104
11.1713	-2.69095	0.731293	2.65391	11.141	-2.65084	11.15	-2.65	0	2.73102
11.1725	-2.54491	0.471182	2.68469	11.1042	-2.54354	11.15	-2.55	0	1.81785
11.1875	-2.42093	0.449879	2.62398	11.1497	-2.45904	11.15	-2.45	0	1.81785
11.2869	-2.28854	1.02287	2.56197	11.1658	-2.25651	11.25	-2.25	1.99733	3.99465
11.3453	-2.12189	1.03794	2.65817	11.3591	-2.05184	11.35	-2.05	1.99733	3.99465
11.351	-1.97353	0.682033	2.69396	11.3117	-1.92025	11.35	-1.95	0	1.81854
11.3807	-1.84106	0.66778	2.65372	11.3504	-1.8663	11.35	-1.85	0	1.81853
11.3898	-1.69683	0.463431	2.66477	11.4185	-1.70062	11.35	-1.7	0	2.72762
11.4057	-1.54513	0.446549	2.67586	11.3568	-1.53205	11.35	-1.55	0	2.72762
11.338	-1.40338	-0.188868	2.69674	11.2541	-1.38373	11.3	-1.4	-0.908846	2.72653
11.3132	-1.25207	-0.214103	2.70179	11.2429	-1.24238	11.25	-1.25	-0.908846	2.72653
11.2075	-1.1107	-0.849604	2.70833	11.0754	-1.08747	11.15	-1.1	-1.82014	2.73021
11.1429	-0.950706	-0.880902	2.73363	11.0544	-0.927069	11.05	-0.949999	-1.82013	2.73021
11.0689	-0.815159	-1.05694	2.73389	10.9247	-0.791254	11	-0.799999	-1.00036	3.00107
11.0042	-0.665674	-1.07731	2.76433	10.9434	-0.640459	10.95	-0.65	-1.00035	3.00104
10.8796	-0.533779	-1.54172	2.75011	10.7146	-0.485949	10.85	-0.5	-2.00003	3.00006
10.7935	-0.384763	-1.55726	2.77784	10.7471	-0.362528	10.75	-0.35	-2.00002	3.00003
10.6958	-0.240774	-1.6423	2.75458	10.6895	-0.304531	10.65	-0.3	-1.81779	0.908892
10.5957	-0.15223	-1.65456	2.5962	10.547	-0.266677	10.55	-0.25	-1.81778	0.908893
10.44	-0.0486065	-2.20209	2.51812	10.5032	-0.154501	10.4	-0.15	-3.00061	2.00041
10.317	0.0343141	-2.22	2.40948	10.2485	-0.0475524	10.25	-0.0499992	-3.0006	2.00041
10.2191	0.136049	-2.10433	2.36518	10.1407	-0.0721585	10.15	-0.0499992	-1.99645	0
10.1027	0.150565	-2.11246	2.10339	10.0313	-0.0518611	10.05	-0.0499992	-1.99644	0
9.95953	0.23324	-2.34833	2.01087	10.0898	-0.00166396	9.9	9.49949e-007	-2.73175	0.910584
9.81986	0.241185	-2.35689	1.75242	9.74695	0.0464954	9.75	0.0500011	-2.73174	0.910584
9.65299	0.297025	-2.67782	1.65831	9.50402	0.0833188	9.6	0.100001	-2.99544	0.998471
9.51168	0.302365	-2.68252	1.46188	9.45825	0.149456	9.45	0.15	-2.99545	0.998471
9.40271	0.36389	-2.36063	1.42772	9.22819	0.16178	9.35	0.15	-1.81963	0
9.27219	0.338445	-2.35263	1.16481	9.24456	0.139817	9.25	0.15	-1.81962	0
9.1139	0.370297	-2.64148	1.08526	9.0729	0.205961	9.1	0.2	-3.00059	1.0002
8.98094	0.36648	-2.638	0.937801	8.96281	0.250937	8.95	0.25	-3.0006	1.0002
8.83217	0.392613	-2.76618	0.879011	8.84168	0.257617	8.8	0.25	-2.99995	0
8.69007	0.374047	-2.7674	0.719639	8.65606	0.24536	8.65	0.25	-2.99994	0
8.54168	0.38925	-2.81494	0.664112	8.43549	0.247188	8.5	0.25	-2.99323	0
8.39312	0.3675	-2.82332	0.523246	8.34184	0.250769	8.35	0.25	-2.9932	0
8.25174	0.376226	-2.73287	0.47493	8.27073	0.243988	8.2	0.25	-2.73233	0
8.09287	0.356311	-2.74518	0.356745	8.03847	0.260731	8.05	0.25	-2.73234	0
7.9503	0.349116	-2.79753	0.289801	7.98053	0.204587	7.9	0.2	-3.00234	-1.00078
7.80011	0.295547	-2.81101	0.114215	7.73327	0.149199	7.75	0.15	-3.00231	-1.00077
7.63462	0.277531	-2.95052	0.0487188	7.46173	0.143776	7.6	0.15	-2.99599	0
7.4828	0.239157	-2.95546	-0.0571198	7.45455	0.149294	7.45	0.15	-2.99596	0
7.39032	0.213337	-2.44528	-0.105354	7.37986	0.0951006	7.35	0.100001	-1.81801	-0.908998
7.25879	0.158883	-2.43857	-0.232216	7.26713	0.055036	7.25	0.0500011	-1.81801	-0.908998
7.11398	0.113581	-2.57606	-0.319684	7.32548	-0.0461763	7.1	-0.0499995	-2.72495	-1.81664
6.96642	0.022888	-2.58537	-0.511474	6.93127	-0.133333	6.95	-0.15	-2.72492	-1.81662
6.9392	-0.0609337	-1.80162	-0.663055	7.09668	-0.264116	6.9	-0.25	-0.910634	-1.82126
6.84194	-0.175214	-1.80044	-0.868556	6.84796	-0.34284	6.85	-0.35	-0.910622	-1.82124
6.67275	-0.249552	-2.36279	-0.933523	6.64638	-0.45061	6.7	-0.45	-2.99641	-1.99759
6.55259	-0.369697	-2.37119	-1.12832	6.54772	-0.536719	6.55	-0.549999	-2.99637	-1.99757
6.51105	-0.508462	-1.71942	-1.37143	6.50462	-0.718	6.5	-0.7	-0.909955	-2.72986
6.42066	-0.665104	-1.72234	-1.58768	6.45451	-0.851695	6.45	-0.85	-0.909955	-2.72986
6.39643	-0.814475	-1.2646	-1.8204	6.42547	-0.999512	6.4	-1	-0.999224	-2.99766
6.33305	-0.980446	-1.27975	-2.01999	6.3554	-1.1624	6.35	-1.15	-0.99921	-2.99763
6.2742	-1.14154	-1.14027	-2.17839	6.14523	-1.27904	6.3	-1.3	-0.908722	-2.72618
6.21022	-1.31763	-1.15756	-2.32795	6.2299	-1.45381	6.25	-1.45	-0.908718	-2.72616
6.26443	-1.53234	-0.285859	-2.72183	6.37158	-1.60661	6.3	-1.6	0.910485	-2.73144
6.26365	-1.69916	-0.264886	-2.76544	6.34473	-1.75136	6.35	-1.75	0.910481	-2.73144
6.2717	-1.85522	-0.119059	-2.84478	6.34	-1.88987	6.35	-1.9	0	-2.99515
6.28075	-2.00586	-0.0956112	-2.86327	6.35828	-2.03886	6.35	-2.05	0	-2.99515
6.28853	-2.17161	-0.040108	-2.89554	6.45002	-2.23466	6.35	-2.2	0	-2.72856
6.29596	-2.3312	-0.0225388	-2.89467	6.34057	-2.34076	6.35	-2.35	0	-2.72854
6.3476	-2.52446	0.338459	-3.08747	6.4979	-2.56206	6.4	-2.5	0.908227	-2.7247
6.38515	-2.67746	0.381696	-3.04019	6.45265	-2.65056	6.45	-2.65	0.908223	-2.72467
6.3773	-2.81003	0.12122	-2.85505	6.46538	-2.81029	6.45	-2.8	0	-2.72732
6.40019	-2.95513	0.157663	-2.82133	6.45762	-2.94003	6.45	-2.95	0	-2.7273
6.45219	-3.14491	0.513268	-3.04384	6.36717	-3.08903	6.5	-3.15	0.909078	-3.6363
6.49171	-3.3161	0.533076	-3.05038	6.54349	-3.33906	6.55	-3.35	0.90907	-3.63626
6.53461	-3.49052	0.600945	-3.08852	6.6454	-3.53435	6.6	-3.5	0.910038	-2.7301
6.58558	-3.65739	0.637048	-3.07683	6.65608	-3.67065	6.65	-3.65	0.910033	-2.7301
6.62515	-3.81953	0.633267	-3.04813	6.70981	-3.81998	6.7	-3.8	0.908095	-2.7243
6.68021	-3.97345	0.679623	-3.00897	6.74422	-3.95901	6.75	-3.95	0.908091	-2.72428
6.71163	-4.11848	0.61061	-2.91953	6.72525	-4.05329	6.8	-4.1	0.910949	-2.73284
6.7675	-4.26507	0.661417	-2.8805	6.83817	-4.25449	6.85	-4.25	0.910945	-2.73284
6.79014	-4.37999	0.534959	-2.73436	6.86491	-4.32753	6.9	-4.35	0.999834	-1.99968
6.85041	-4.48986	0.614238	-2.6607	6.94879	-4.45387	6.95	-4.45	0.999829	-1.99966
6.93533	-4.65359	0.985035	-2.90652	6.99339	-4.57763	7.05	-4.6	1.99653	-2.99479
7.02181	-4.77855	1.06813	-2.84616	7.14339	-4.76622	7.15	-4.75	1.99653	-2.99479
7.06533	-4.89063	0.950617	-2.69902	7.11889	-4.79341	7.2	-4.85	1.00098	-2.00196
7.15073	-4.99357	1.04115	-2.61276	7.25883	-4.94719	7.25	-4.95	1.00097	-2.00194
7.21042	-5.12616	1.02204	-2.56509	7.28536	-5.09276	7.3	-5.1	0.90969	-2.72906
7.28451	-5.25637	1.06298	-2.53448	7.33925	-5.24908	7.35	-5.25	0.909677	-2.72904
7.38686	-5.4184	1.43731	-2.81596	7.33914	-5.30864	7.45	-5.4	1.99976	-2.99964
7.47977	-5.55034	1.48347	-2.78854	7.5499	-5.55354	7.55	-5.55	1.99976	-2.99964
7.52486	-5.65452	1.2363	-2.56189	7.59167	-5.64447	7.6	-5.65	1.00038	-2.00076
7.60382	-5.76474	1.27898	-2.51572	7.64483	-5.73357	7.65	-5.75	1.00037	-2.00074
7.69366	-5.91478	1.43292	-2.62822	7.6402	-5.81769	7.75	-5.9	1.81659	-2.7249
7.78999	-6.05099	1.47209	-2.60332	7.84396	-6.051	7.85	-6.05	1.81659	-2.7249
7.83445	-6.15208	1.16514	-2.32168	7.91394	-6.15143	7.9	-6.15	0.909251	-1.81851
7.91273	-6.26953	1.19857	-2.29409	7.95018	-6.25957	7.95	-6.25	0.909247	-1.81849
7.99999	-6.40311	1.31573	-2.36483	8.10134	-6.38026	8.05	-6.35	1.81576	-1.81577
8.10047	-6.50439	1.38529	-2.29098	8.15891	-6.45832	8.15	-6.45	1.81577	-1.81577
8.20826	-6.64756	1.57115	-2.42317	8.3424	-6.65648	8.25	-6.6	1.8218	-2.73269
8.30716	-6.76737	1.60252	-2.38963	8.33273	-6.74641	8.35	-6.75	1.8218	-2.73269
8.38381	-6.88832	1.49445	-2.29669	8.46635	-6.96022	8.4	-6.9	0.907987	-2.72401
8.45822	-7.02381	1.47462	-2.31928	8.44383	-7.03914	8.45	-7.05	0.907988	-2.72398
8.53426	-7.15438	1.44433	-2.31225	8.53661	-7.23635	8.5	-7.2	0.910054	-2.73014
8.59111	-7.31152	1.38599	-2.38593	8.55761	-7.36836	8.55	-7.35	0.910046	-2.73012
8.66795	-7.43981	1.4328	-2.43319	8.70486	-7.48959	8.65	-7.45	1.99827	-1.99828
8.74443	-7.55829	1.44391	-2.42431	8.7565	-7.55536	8.75	-7.55	1.99828	-1.99828
8.81552	-7.68743	1.40375	-2.39649	8.74707	-7.66927	8.8	-7.7	0.909061	-2.72717
8.8786	-7.833	1.3691	-2.4312	8.85031	-7.85391	8.85	-7.85	0.909053	-2.72715
8.94378	-7.96184	1.31322	-2.39113	8.88546	-7.96913	8.9	-8	0.908945	-2.72688
8.99222	-8.11955	1.25352	-2.45575	8.95085	-8.16397	8.95	-8.15	0.908953	-2.72687
9.05683	-8.25069	1.22777	-2.43214	9.03618	-8.239	9.05	-8.25	1.82026	-1.82027
9.13504	-8.37145	1.25522	-2.40092	9.15149	-8.34807	9.15	-8.35	1.82025	-1.82026
9.21268	-8.50749	1.38589	-2.52903	9.14011	-8.44049	9.2	-8.5	0.999884	-2.99963
9.26669	-8.64361	1.35041	-2.55509	9.22902	-8.65053	9.25	-8.65	0.999874	-2.9996
9.32904	-8.76933	1.33834	-2.55053	9.23666	-8.722	9.3	-8.8	0.999284	-2.99783
9.38252	-8.91462	1.30312	-2.59264	9.36398	-8.95164	9.35	-8.95	0.999284	-2.99784
9.42291	-9.02636	1.05222	-2.34613	9.47823	-9.13791	9.4	-9.05	0.909209	-1.81844
9.46901	-9.16033	1.02574	-2.36069	9.43696	-9.1575	9.45	-9.15	0.90921	-1.81843
9.52565	-9.29482	1.05135	-2.39707	9.44585	-9.27158	9.5	-9.3	0.908483	-2.72543
9.56892	-9.43816	1.01633	-2.42609	9.53884	-9.45193	9.55	-9.45	0.908475	-2.72542
9.63227	-9.58266	1.05844	-2.47801	9.6872	-9.68187	9.6	-9.6	0.909756	-2.72927
9.68161	-9.73134	1.03506	-2.50719	9.67284	-9.75791	9.65	-9.75	0.909739	-2.72923
9.75137	-9.88157	1.13881	-2.63048	9.86489	-10.0711	9.7	-9.9	0.998626	-2.99586
9.78852	-10.0283	1.09124	-2.6687	9.74713	-10.0467	9.75	-10.05	0.998616	-2.99584
9.81377	-10.1408	0.846306	-2.41569	9.75497	-10.1932	9.75	-10.2	0	-2.72857
9.81988	-10.3091	0.747304	-2.50323	9.74697	-10.3629	9.75	-10.35	0	-2.72854
9.86453	-10.4571	0.801895	-2.57865	9.77249	-10.4428	9.8	-10.5	0.909773	-2.7293
9.89076	-10.6163	0.757379	-2.62073	9.86261	-10.6462	9.85	-10.65	0.909773	-2.7293
9.90798	-10.7371	0.583143	-2.43668	9.86786	-10.8223	9.85	-10.8	0	-2.72846
9.90577	-10.8996	0.499361	-2.50671	9.8455	-10.9408	9.85	-10.95	0	-2.72844
9.92472	-11.0355	0.457073	-2.47788	9.84594	-11.0973	9.85	-11.1	0	-2.72748
9.90877	-11.2041	0.357074	-2.55741	9.83549	-11.2481	9.85	-11.25	0	-2.72745
9.92905	-11.3446	0.385065	-2.61453	9.8926	-11.4631	9.85	-11.4	0	-2.9967
9.91689	-11.5073	0.305351	-2.6895	9.87136	-11.5692	9.85	-11.55	0	-2.99671
9.90957	-11.6288	0.119399	-2.47124	9.89882	-11.7746	9.8	-11.7	-0.909227	-2.72768
9.8569	-11.8072	-0.0242007	-2.57643	9.74749	-11.8623	9.75	-11.85	-0.909218	-2.72765
9.8341	-11.9268	-0.172816	-2.4018	9.75738	-12.0161	9.7	-12	-0.908714	-2.72613
9.7643	-12.1003	-0.318889	-2.50401	9.65408	-12.1513	9.65	-12.15	-0.908706	-2.7261
9.71415	-12.1966	-0.547149	-2.20943	9.60373	-12.2428	9.6	-12.25	-0.909639	-1.81931
9.6387	-12.3374	-0.653139	-2.2621	9.54006	-12.3354	9.55	-12.35	-0.90964	-1.8193
9.55819	-12.3995	-0.958252	-1.84465	9.38815	-12.3607	9.45	-12.45	-1.81824	-1.81825
9.45407	-12.5261	-1.08008	-1.91035	9.35049	-12.5377	9.35	-12.55	-1.81823	-1.81823
9.36356	-12.5913	-1.32523	-1.57618	9.33568	-12.8372	9.2	-12.65	-2.72578	-1.81718
9.20709	-12.7214	-1.52488	-1.6868	9.04708	-12.7528	9.05	-12.75	-2.72576	-1.81717
9.11115	-12.8045	-1.58428	-1.61932	8.97697	-12.8161	8.95	-12.85	-1.8192	-1.81921
8.96384	-12.923	-1.72833	-1.69468	8.84904	-12.9423	8.85	-12.95	-1.81921	-1.81921
8.84849	-12.993	-1.8361	-1.5478	8.64934	-12.9537	8.7	-13.05	-2.72781	-1.81854
8.67647	-13.115	-2.00775	-1.63958	8.5479	-13.1496	8.55	-13.15	-2.7278	-1.81853
8.51475	-13.1053	-2.42423	-0.920201	8.43462	-13.263	8.4	-13.15	-2.72644	0
8.34265	-13.1659	-2.51457	-0.950054	8.26001	-13.1483	8.25	-13.15	-2.72641	0
8.18949	-13.1576	-2.72213	-0.573078	8.10139	-13.1447	8.1	-13.15	-3.00083	0
8.02328	-13.1896	-2.79093	-0.588034	7.95138	-13.1593	7.95	-13.15	-3.00084	0
7.87308	-13.2353	-2.75428	-0.671988	7.85182	-13.2702	7.8	-13.2	-2.72553	-0.908516
7.69571	-13.2781	-2.81472	-0.689801	7.64076	-13.2654	7.65	-13.25	-2.72554	-0.908516
7.51271	-13.2402	-3.06933	-0.15268	7.51359	-13.2891	7.5	-13.2	-2.72544	0.908483
7.35795	-13.2238	-3.02829	-0.102398	7.35762	-13.1417	7.35	-13.15	-2.72544	0.908483
7.19214	-13.2289	-3.02438	-0.105921	7.19553	-13.2012	7.2	-13.15	-2.73035	0
7.04193	-13.2154	-2.98112	-0.0656092	7.05296	-13.1563	7.05	-13.15	-2.73035	0
6.87022	-13.1958	-3.05234	0.0988416	6.87644	-13.2105	6.85	-13.15	-3.63616	0
6.69653	-13.1813	-3.06257	0.114366	6.672	-13.1364	6.65	-13.15	-3.63617	0
6.53913	-13.207	-2.96026	-0.126074	6.53838	-13.1322	6.55	-13.15	-1.81656	0
6.41276	-13.1946	-2.86924	-0.0819987	6.46904	-13.1587	6.45	-13.15	-1.81657	0
6.24189	-13.1487	-2.98598	0.234635	6.22921	-13.0167	6.3	-13.1	-2.73109	0.910352
6.11373	-13.1078	-2.89354	0.294148	6.15723	-13.0319	6.15	-13.05	-2.73109	0.91036
5.9312	-12.9984	-3.11392	0.91165	5.95573	-12.8757	6	-12.95	-2.72331	1.81553
5.80196	-12.9189	-3.00592	0.974614	5.85711	-12.8423	5.85	-12.85	-2.72331	1.81554
5.64484	-12.8738	-2.97116	0.917325	5.73901	-12.8863	5.7	-12.8	-2.72842	0.909475
5.51271	-12.804	-2.89199	0.959323	5.5559	-12.7556	5.55	-12.75	-2.72839	0.909466
5.34702	-12.7075	-2.98521	1.26346	5.41889	-12.6989	5.4	-12.65	-2.731	1.82067
5.2086	-12.6158	-2.91827	1.30935	5.23681	-12.5467	5.25	-12.55	-2.731	1.82066
5.05329	-12.5308	-2.92347	1.38983	5.16911	-12.5003	5.15	-12.45	-1.81821	1.8182
4.95509	-12.4237	-2.76664	1.45808	5.04959	-12.3548	5.05	-12.35	-1.8182	1.8182
4.82563	-12.3399	-2.7628	1.53473	4.99996	-12.3538	4.95	-12.25	-1.99957	1.99957
4.7582	-12.228	-2.58469	1.612	4.86969	-12.1416	4.85	-12.15	-1.99954	1.99955
4.6479	-12.1597	-2.50511	1.4905	4.83937	-12.0439	4.8	-12.05	-0.999954	1.99993
4.61701	-12.0413	-2.268	1.588	4.77326	-11.9345	4.75	-11.95	-0.999959	1.99992
4.49318	-11.887	-2.39652	2.06613	4.5839	-11.6711	4.65	-11.8	-2.0002	3.00031
4.43885	-11.7458	-2.22946	2.14731	4.54148	-11.6336	4.55	-11.65	-2.0002	3.0003
4.3545	-11.6758	-2.08633	1.84089	4.53697	-11.5591	4.55	-11.55	0	1.99749
4.35828	-11.5422	-1.81678	1.93833	4.55238	-11.4548	4.55	-11.45	0	1.99746
4.25169	-11.3501	-1.96371	2.51722	4.47604	-11.2089	4.5	-11.25	-0.90916	3.63662
4.25978	-11.163	-1.67366	2.63045	4.45629	-11.0538	4.45	-11.05	-0.909152	3.63659
4.21693	-11.0916	-1.39572	2.02805	4.39651	-10.8822	4.45	-10.95	0	1.81807
4.25683	-10.9386	-1.10658	2.13027	4.45899	-10.8664	4.45	-10.85	0	1.81808
4.21745	-10.8117	-1.06342	2.18222	4.493	-10.7885	4.45	-10.7	0	2.72865
4.26472	-10.6472	-0.799708	2.28973	4.44058	-10.5544	4.45	-10.55	0	2.72864
4.24218	-10.5153	-0.738189	2.28591	4.44399	-10.3941	4.45	-10.4	0	2.72392
4.29302	-10.3457	-0.508887	2.39057	4.44086	-10.2469	4.45	-10.25	0	2.72391
4.29369	-10.2201	-0.41371	2.32113	4.53204	-10.1814	4.5	-10.1	0.909624	2.72885
4.37505	-10.0448	-0.153897	2.43891	4.54793	-9.94716	4.55	-9.95	0.909615	2.72884
4.39768	-9.91278	-0.0360917	2.34684	4.57622	-9.70975	4.6	-9.8	0.909111	2.72733
4.48925	-9.73694	0.197823	2.46258	4.64364	-9.63888	4.65	-9.65	0.909107	2.72732
4.53754	-9.61394	0.341841	2.32998	4.76628	-9.54952	4.75	-9.5	1.81921	2.7288
4.65461	-9.44226	0.584906	2.44443	4.82761	-9.37054	4.85	-9.35	1.81921	2.7288
4.70802	-9.29585	0.637004	2.47778	4.89701	-9.18082	4.9	-9.2	0.908739	2.72622
4.81675	-9.11936	0.820474	2.58049	4.94177	-9.04086	4.95	-9.05	0.908743	2.72623
4.91847	-9.02371	1.10481	2.21858	5.09012	-9.06486	5.05	-8.95	1.8169	1.81688
5.03454	-8.87669	1.23993	2.28774	5.1385	-8.8446	5.15	-8.85	1.81688	1.81688
5.11983	-8.74627	1.30031	2.27283	5.21345	-8.63875	5.25	-8.7	1.8201	2.73014
5.24327	-8.59288	1.42811	2.34956	5.33853	-8.54729	5.35	-8.55	1.82008	2.73013
5.33802	-8.46952	1.51248	2.27156	5.35874	-8.39385	5.4	-8.45	0.910244	1.82049
5.43226	-8.34488	1.53773	2.27613	5.46213	-8.36055	5.45	-8.35	0.910249	1.8205
5.5005	-8.2179	1.44559	2.40647	5.63723	-8.3352	5.55	-8.2	1.99657	2.99484
5.59507	-8.08334	1.49985	2.4444	5.63863	-8.05978	5.65	-8.05	1.99657	2.99485
5.71763	-7.97245	1.74293	2.20243	5.69655	-7.84304	5.75	-7.95	1.81871	1.81872
5.82204	-7.84884	1.76286	2.21147	5.84353	-7.85177	5.85	-7.85	1.81871	1.81871
5.95438	-7.75047	1.98029	1.99973	5.9537	-7.7033	6	-7.75	2.72961	1.81974
6.08417	-7.63867	2.02731	2.01354	6.14453	-7.66253	6.15	-7.65	2.72961	1.81974
6.19132	-7.53656	2.03809	2.02202	6.27	-7.55894	6.25	-7.55	1.9992	1.9992
6.30488	-7.43305	2.06409	2.03275	6.3386	-7.44193	6.35	-7.45	1.99918	1.99918
6.42353	-7.32333	2.09037	2.01414	6.44365	-7.32743	6.45	-7.35	1.81911	1.81911
6.5374	-7.22278	2.08492	1.99242	6.54947	-7.257	6.55	-7.25	1.81909	1.81909
6.65162	-7.1337	2.13807	1.93922	6.71635	-7.22979	6.65	-7.15	1.99996	1.99996
6.75731	-7.03614	2.1357	1.93985	6.7522	-7.03215	6.75	-7.05	1.99996	1.99996
6.88731	-6.95943	2.30987	1.78107	6.81357	-6.96259	6.85	-7	1.99752	0.998765
6.98437	-6.8914	2.26384	1.72672	6.95051	-6.93564	6.95	-6.95	1.99752	0.998765
7.11208	-6.80304	2.31765	1.66953	7.00414	-6.76319	7.1	-6.85	2.73035	1.82023
7.23947	-6.72166	2.3146	1.64728	7.25571	-6.75585	7.25	-6.75	2.73035	1.82023
7.33644	-6.62892	2.20291	1.7263	7.28718	-6.59248	7.35	-6.65	2.0006	2.0006
7.44194	-6.54576	2.19239	1.71718	7.42947	-6.54884	7.45	-6.55	2.00058	2.00058
7.57143	-6.47532	2.32522	1.61349	7.58756	-6.53752	7.55	-6.5	1.99841	0.999204
7.6755	-6.41061	2.29502	1.5723	7.65263	-6.44325	7.65	-6.45	1.99838	0.999195
7.83962	-6.36175	2.64227	1.33114	7.78988	-6.37954	7.8	-6.4	2.99952	0.999844
7.96466	-6.30854	2.62369	1.29821	7.95705	-6.33998	7.95	-6.35	2.99949	0.999829
8.04822	-6.21348	2.19782	1.55081	8.1289	-6.31809	8.05	-6.25	1.81603	1.81603
8.16406	-6.13357	2.18571	1.53614	8.15184	-6.14215	8.15	-6.15	1.81603	1.81603
8.25396	-6.03419	2.00986	1.64006	8.12981	-5.95044	8.25	-6.05	1.81921	1.81921
8.36003	-5.94801	1.99985	1.62912	8.34844	-5.95288	8.35	-5.95	1.81921	1.81921
8.52915	-5.88678	2.42167	1.38276	8.45627	-5.87026	8.5	-5.9	2.729	0.909673
8.65624	-5.81999	2.40714	1.35917	8.64546	-5.83668	8.65	-5.85	2.72898	0.909661
8.78841	-5.74447	2.43189	1.3451	8.68227	-5.68169	8.8	-5.75	2.72771	1.81848
8.92965	-5.66483	2.44823	1.36131	8.95179	-5.66017	8.95	-5.65	2.72772	1.81848
9.01243	-5.57707	2.18052	1.50607	8.99196	-5.51961	9.05	-5.55	1.99939	1.9994
9.13198	-5.48466	2.20548	1.54987	9.15234	-5.45358	9.15	-5.45	1.9994	1.9994
9.24965	-5.39947	2.18012	1.55837	9.25593	-5.41629	9.25	-5.4	1.81776	0.90888
9.36277	-5.3227	2.1647	1.53478	9.3462	-5.33648	9.35	-5.35	1.81776	0.908875
9.41197	-5.21216	1.69302	1.75016	9.35852	-5.15981	9.45	-5.2	1.81545	2.72317
9.51942	-5.09768	1.72465	1.79793	9.55586	-5.07162	9.55	-5.05	1.81542	2.72314
9.62353	-4.99443	1.78773	1.79042	9.60543	-4.91132	9.65	-4.95	1.82145	1.82147
9.73246	-4.87505	1.81314	1.844	9.75218	-4.8384	9.75	-4.85	1.82146	1.82146
9.84555	-4.77809	1.86288	1.82687	10.0131	-4.84834	9.85	-4.75	1.81961	1.8196
9.95105	-4.67147	1.87013	1.84273	9.9571	-4.66087	9.95	-4.65	1.8196	1.8196
10.0452	-4.57557	1.88274	1.84708	9.99978	-4.51909	10.05	-4.55	1.99827	1.99828
10.1459	-4.46665	1.89826	1.88855	10.1558	-4.43582	10.15	-4.45	1.99826	1.99826
10.2198	-4.34944	1.69777	1.96904	10.1567	-4.25503	10.25	-4.3	1.81693	2.72538
10.3217	-4.21518	1.71851	2.03372	10.3312	-4.16698	10.35	-4.15	1.81692	2.72536
10.4333	-4.10272	1.85165	2.00324	10.3715	-4.04505	10.45	-4.05	1.81951	1.8195
10.5422	-3.97402	1.86807	2.05019	10.5551	-3.94162	10.55	-3.95	1.8195	1.81951
10.6459	-3.86043	1.87432	2.05106	10.6459	-3.84961	10.65	-3.85	1.81817	1.81818
10.7486	-3.74707	1.87358	2.05225	10.746	-3.7455	10.75	-3.75	1.81816	1.81817
10.8458	-3.63235	1.80711	2.07235	10.9384	-3.6422	10.85	-3.6	1.81621	2.7243
10.9491	-3.49443	1.81769	2.13117	10.9457	-3.45027	10.95	-3.45	1.8162	2.7243
10.9882	-3.36539	1.35716	2.24376	11.1095	-3.32647	11	-3.3	0.908632	2.72588
11.0635	-3.21397	1.36198	2.31186	11.0435	-3.16012	11.05	-3.15	0.908632	2.72588
11.1054	-3.07521	1.15853	2.36967	10.9851	-2.95299	11.1	-3	0.909905	2.72971
11.1705	-2.91437	1.16461	2.44474	11.1542	-2.85724	11.15	-2.85	0.909888	2.72968
11.1526	-2.76962	0.620646	2.54114	11.0233	-2.67356	11.15	-2.7	0	2.72847
11.1798	-2.60638	0.610856	2.59707	11.1324	-2.55807	11.15	-2.55	0	2.72844
11.1801	-2.45923	0.354856	2.63978	11.2541	-2.42353	11.15	-2.4	0	2.72732
11.1937	-2.2982	0.345762	2.67738	11.1569	-2.2658	11.15	-2.25	0	2.72732
11.3009	-2.14505	0.98817	2.62676	11.2203	-2.08998	11.25	-2.1	1.81905	2.72856
11.3558	-1.98085	0.99025	2.67565	11.3482	-1.94557	11.35	-1.95	1.81905	2.72856
11.2946	-1.83734	0.144998	2.73494	11.3928	-1.80815	11.3	-1.8	-0.90916	2.72747
11.2926	-1.67203	0.128083	2.76991	11.2389	-1.64141	11.25	-1.65	-0.909152	2.72745
11.291	-1.51984	0.0551521	2.77416	11.3341	-1.51762	11.25	-1.5	0	2.72321
11.2889	-1.36087	0.0463532	2.78858	11.2625	-1.34833	11.25	-1.35	0	2.72321
11.2275	-1.21232	-0.432859	2.7992	11.3121	-1.19064	11.2	-1.2	-0.909524	2.72856
11.1953	-1.05794	-0.447246	2.7992	11.1556	-1.0549	11.15	-1.05	-0.909524	2.72856
11.0712	-0.914626	-1.13911	2.79169	10.9982	-0.893223	11.05	-0.9	-1.81945	2.72916
10.9978	-0.751623	-1.15801	2.81406	10.9445	-0.73319	10.95	-0.75	-1.81942	2.72913
10.9327	-0.595662	-1.14247	2.81654	10.8362	-0.586	10.9	-0.599999	-0.909839	2.72952
10.8645	-0.44112	-1.15172	2.81532	10.8388	-0.441032	10.85	-0.449999	-0.909822	2.72949
10.6851	-0.326814	-2.0088	2.74138	10.6309	-0.359954	10.7	-0.349999	-2.99538	1.99692
10.5792	-0.209996	-2.01635	2.68972	10.5529	-0.247121	10.55	-0.25	-2.99539	1.99691
10.4877	-0.0706591	-1.85955	2.67087	10.4322	-0.19515	10.45	-0.2	-1.81715	0.908579
10.3803	-0.00209516	-1.86145	2.47411	10.3505	-0.143257	10.35	-0.15	-1.81716	0.908579
10.2296	0.100468	-2.20951	2.37876	10.2068	-0.109014	10.2	-0.0999996	-2.73194	0.910655
10.1012	0.132868	-2.21217	2.13192	10.0541	-0.0441275	10.05	-0.0499992	-2.73194	0.910655
9.95113	0.220326	-2.40374	2.04885	9.89001	0.00816785	9.9	9.49949e-007	-2.72481	0.908268
9.81147	0.234572	-2.4067	1.80067	9.75876	0.0560308	9.75	0.0500011	-2.72477	0.90826
9.70965	0.311583	-2.16867	1.75416	9.63528	0.0929341	9.65	0.100001	-1.81759	0.908784
9.59004	0.316183	-2.16031	1.52249	9.56967	0.149506	9.55	0.15	-1.81757	0.908775
9.44575	0.366258	-2.38108	1.42653	9.56225	0.148577	9.4	0.15	-2.72659	0
9.30814	0.341078	-2.3828	1.16426	9.25348	0.150166	9.25	0.15	-2.72658	0
9.15728	0.379372	-2.51064	1.09316	9.0821	0.207802	9.1	0.2	-2.72925	0.909752
9.00744	0.371429	-2.52527	0.920251	8.93575	0.243169	8.95	0.25	-2.72926	0.909752
8.85408	0.399497	-2.65927	0.856487	8.94634	0.26481	8.8	0.25	-2.72783	0
8.69944	0.380234	-2.66846	0.687442	8.64483	0.254352	8.65	0.25	-2.7278	0
8.54463	0.395099	-2.70919	0.626663	8.46866	0.251128	8.5	0.25	-2.72395	0
8.39116	0.36791	-2.71201	0.469053	8.35775	0.250149	8.35	0.25	-2.72395	0
8.24137	0.364853	-2.73557	0.393535	8.28111	0.196974	8.2	0.2	-2.73278	-0.910929
8.0833	0.307582	-2.74395	0.191158	8.03004	0.154113	8.05	0.15	-2.73279	-0.910929
7.86039	0.290969	-3.33423	0.106104	7.74678	0.154598	7.85	0.15	-3.9992	0
7.68555	0.246615	-3.34507	-0.0220639	7.63715	0.143302	7.65	0.15	-3.99916	0
7.60367	0.231839	-2.73567	-0.0439719	7.61982	0.157052	7.55	0.15	-1.99868	0
7.46275	0.207878	-2.74154	-0.100492	7.43926	0.160393	7.45	0.15	-1.99866	0
7.31076	0.18572	-2.76144	-0.144538	7.34481	0.102019	7.3	0.100001	-2.72622	-0.908734
7.1611	0.135622	-2.75652	-0.254586	7.16771	0.0463372	7.15	0.0500011	-2.72623	-0.908734
7.06139	0.0896702	-2.38049	-0.335344	7.05721	-0.05037	7.05	-0.0499995	-1.81887	-1.81889
6.93471	0.00213956	-2.37269	-0.516874	6.95035	-0.144849	6.95	-0.15	-1.81888	-1.81889
6.84437	-0.0699184	-2.09172	-0.634764	6.87212	-0.243254	6.85	-0.25	-1.81792	-1.81792
6.73525	-0.182045	-2.0833	-0.838775	6.76317	-0.34818	6.75	-0.35	-1.81792	-1.81792
6.64092	-0.272975	-1.96831	-0.961494	6.75759	-0.453523	6.65	-0.45	-1.81881	-1.8188
6.53721	-0.397332	-1.96563	-1.15127	6.56412	-0.553924	6.55	-0.549999	-1.81879	-1.81878
6.46594	-0.526256	-1.73071	-1.34055	6.60439	-0.765755	6.45	-0.749999	-1.81971	-3.63941
6.36627	-0.7061	-1.75224	-1.6238	6.36344	-0.942514	6.35	-0.949999	-1.81969	-3.63937
6.39278	-0.891967	-0.894368	-1.9945	6.35624	-1.10001	6.35	-1.1	0	-2.99522
6.34647	-1.06804	-0.913095	-2.19776	6.36321	-1.25111	6.35	-1.25	0	-2.99519
6.33829	-1.25395	-0.573211	-2.42774	6.30992	-1.40686	6.35	-1.4	0	-2.72817
6.31112	-1.43643	-0.579694	-2.55718	6.35537	-1.55723	6.35	-1.55	0	-2.72817
6.31976	-1.62005	-0.313204	-2.72271	6.50996	-1.74616	6.35	-1.7	0	-2.72628
6.30967	-1.78783	-0.306775	-2.76881	6.35448	-1.83673	6.35	-1.85	0	-2.72628
6.301	-1.95439	-0.261099	-2.81757	6.38849	-2.02257	6.35	-2	0	-2.73154
6.29741	-2.11485	-0.24379	-2.83047	6.35078	-2.13767	6.35	-2.15	0	-2.73152
6.29185	-2.26507	-0.188788	-2.86903	6.28921	-2.27735	6.35	-2.3	0	-2.99503
6.29061	-2.41457	-0.176605	-2.88209	6.33355	-2.43768	6.35	-2.45	0	-2.99503
6.33144	-2.60765	0.214531	-3.09676	6.30986	-2.56694	6.4	-2.6	0.909996	-2.73
6.36632	-2.76506	0.263575	-3.05931	6.45623	-2.7536	6.45	-2.75	0.91	-2.73
6.40716	-2.94048	0.451167	-3.13872	6.40481	-2.87127	6.5	-2.9	0.907593	-2.72277
6.46033	-3.08012	0.521068	-3.04882	6.54629	-3.01951	6.55	-3.05	0.907584	-2.72274
6.48752	-3.23781	0.437512	-2.97946	6.70928	-3.32749	6.55	-3.25	0	-3.63617
6.51567	-3.41464	0.439063	-3.01037	6.54763	-3.45513	6.55	-3.45	0	-3.63613
6.55685	-3.59284	0.578137	-3.10092	6.52015	-3.55608	6.6	-3.6	0.909673	-2.72901
6.60252	-3.75193	0.610711	-3.06958	6.64571	-3.73674	6.65	-3.75	0.909661	-2.72898
6.65285	-3.91337	0.692943	-3.07467	6.71319	-3.83967	6.75	-3.85	1.81795	-1.81795
6.73635	-4.02978	0.808196	-2.93553	6.85201	-3.93663	6.85	-3.95	1.81793	-1.81793
6.82379	-4.20479	1.01819	-3.03904	7.13409	-4.28567	6.9	-4.15	0.909979	-3.63994
6.89962	-4.35398	1.06609	-2.99095	6.9548	-4.32855	6.95	-4.35	0.909975	-3.6399
6.93229	-4.47952	0.825046	-2.76734	7.00947	-4.44692	7	-4.45	0.907889	-1.81577
7.00168	-4.60293	0.886503	-2.69202	7.05586	-4.55105	7.05	-4.55	0.907881	-1.81576
7.07112	-4.75762	1.00315	-2.75515	7.15974	-4.75194	7.1	-4.7	0.909789	-2.72935
7.13422	-4.88527	1.03034	-2.69748	7.13261	-4.82718	7.15	-4.85	0.909777	-2.72933
7.2345	-5.06128	1.33138	-2.90908	7.2829	-5.01975	7.25	-5	1.81861	-2.72792
7.32207	-5.19709	1.37141	-2.8489	7.34301	-5.14642	7.35	-5.15	1.81859	-2.72789
7.37485	-5.32191	1.26188	-2.75036	7.32687	-5.26205	7.4	-5.3	0.999994	-3
7.4442	-5.45484	1.27646	-2.73775	7.46174	-5.44979	7.45	-5.45	0.999999	-3
7.50716	-5.58836	1.21837	-2.66211	7.47116	-5.48352	7.55	-5.55	1.81749	-1.81749
7.60114	-5.70531	1.28607	-2.58628	7.65989	-5.6552	7.65	-5.65	1.81747	-1.81747
7.66583	-5.83272	1.19621	-2.48968	7.78563	-5.85993	7.7	-5.8	0.909598	-2.72881
7.73765	-5.96453	1.21074	-2.47628	7.75276	-5.95823	7.75	-5.95	0.909594	-2.72878
7.807	-6.09388	1.22369	-2.46338	7.79663	-6.00945	7.85	-6.05	1.81964	-1.81964
7.89943	-6.20148	1.28696	-2.3928	7.95034	-6.15505	7.95	-6.15	1.81962	-1.81962
8.0136	-6.35795	1.63721	-2.66982	8.04642	-6.30578	8.05	-6.3	1.99731	-2.99599
8.11223	-6.47452	1.67842	-2.62601	8.14855	-6.44643	8.15	-6.45	1.99732	-2.99598
8.16368	-6.57471	1.33925	-2.31785	8.26534	-6.60186	8.2	-6.55	0.909111	-1.81822
8.24588	-6.68618	1.36348	-2.27951	8.25279	-6.64996	8.25	-6.65	0.909111	-1.81822
8.31859	-6.81118	1.37751	-2.2947	8.2109	-6.73286	8.3	-6.8	0.90845	-2.72534
8.38357	-6.94394	1.3527	-2.31269	8.35448	-6.94719	8.35	-6.95	0.908442	-2.72531
8.49372	-7.10606	1.58659	-2.52489	8.61718	-7.22425	8.45	-7.1	1.81925	-2.72886
8.57199	-7.249	1.56658	-2.53708	8.54666	-7.24803	8.55	-7.25	1.81924	-2.72886
8.65337	-7.37949	1.51605	-2.48085	8.69659	-7.3744	8.65	-7.35	1.82079	-1.8208
8.74723	-7.49138	1.54778	-2.42417	8.74711	-7.43338	8.75	-7.45	1.8208	-1.8208
8.82595	-7.61512	1.5946	-2.46816	8.68846	-7.50096	8.8	-7.6	0.997629	-2.99288
8.89044	-7.74814	1.5593	-2.49398	8.84984	-7.75349	8.85	-7.75	0.997629	-2.99288
8.93997	-7.85782	1.34082	-2.30988	8.77486	-7.80083	8.9	-7.9	0.909127	-2.72742
8.98803	-8.01548	1.27559	-2.38496	8.94604	-8.07116	8.95	-8.05	0.909127	-2.7274
9.02737	-8.1225	1.07877	-2.21413	8.92041	-8.11276	9	-8.15	0.909524	-1.81903
9.06995	-8.24835	1.04253	-2.22883	9.01893	-8.23506	9.05	-8.25	0.909516	-1.81902
9.13028	-8.38011	1.09273	-2.29195	9.04724	-8.3711	9.1	-8.4	0.909922	-2.72975
9.18036	-8.51635	1.06795	-2.31739	9.1628	-8.53304	9.15	-8.55	0.909913	-2.72976
9.26329	-8.67443	1.29938	-2.55724	9.09379	-8.55764	9.25	-8.7	1.8169	-2.72535
9.3351	-8.8246	1.29625	-2.57713	9.3508	-8.85468	9.35	-8.85	1.81688	-2.72532
9.39941	-8.95893	1.24295	-2.52386	9.40597	-8.96981	9.4	-9	0.910219	-2.73069
9.45726	-9.11697	1.21354	-2.56843	9.45338	-9.162	9.45	-9.15	0.910228	-2.73069
9.51626	-9.25143	1.20334	-2.57736	9.51544	-9.36256	9.5	-9.3	0.997908	-2.99371
9.56776	-9.40036	1.17684	-2.62176	9.56994	-9.45148	9.55	-9.45	0.997908	-2.99372
9.5981	-9.50842	0.910696	-2.34854	9.62711	-9.59131	9.6	-9.55	0.909971	-1.81993
9.64433	-9.64634	0.899171	-2.36841	9.64603	-9.66938	9.65	-9.65	0.909954	-1.81992
9.67809	-9.76355	0.79522	-2.2691	9.63311	-9.79216	9.65	-9.8	0	-2.73054
9.69431	-9.91492	0.72708	-2.33425	9.64842	-9.95866	9.65	-9.95	0	-2.73053
9.7491	-10.0593	0.905185	-2.54254	9.61381	-9.98703	9.7	-10.1	0.998187	-2.99456
9.77662	-10.2073	0.85949	-2.59125	9.7516	-10.2483	9.75	-10.25	0.998187	-2.99455
9.82455	-10.3546	0.880849	-2.6248	9.7698	-10.3568	9.8	-10.4	0.909806	-2.7294
9.86624	-10.5103	0.862167	-2.6507	9.8633	-10.5382	9.85	-10.55	0.909797	-2.72938
9.88886	-10.6306	0.681123	-2.45552	9.8617	-10.6917	9.85	-10.7	0	-2.72718
9.89454	-10.7976	0.601342	-2.53207	9.84674	-10.8547	9.85	-10.85	0	-2.72715
9.90708	-10.9193	0.48716	-2.41626	9.75887	-10.887	9.85	-11	0	-2.72395
9.90425	-11.0842	0.411804	-2.49135	9.86442	-11.1448	9.85	-11.15	0	-2.72395
9.92301	-11.2247	0.396501	-2.49397	9.87245	-11.316	9.85	-11.3	0	-2.73074
9.9084	-11.394	0.306365	-2.57167	9.85036	-11.4464	9.85	-11.45	0	-2.73075
9.92217	-11.5382	0.278797	-2.55454	9.93142	-11.6783	9.85	-11.6	0	-2.72396
9.90054	-11.7043	0.189693	-2.61811	9.83174	-11.7336	9.85	-11.75	0	-2.72396
9.89422	-11.821	0.0910939	-2.50957	9.80843	-11.8702	9.8	-11.9	-1.0005	-3.00149
9.84599	-11.9875	-0.0383856	-2.60941	9.75331	-12.0506	9.75	-12.05	-1.0005	-3.0015
9.77893	-12.0466	-0.514263	-1.99749	9.64519	-12.1714	9.65	-12.15	-1.81799	-1.81797
9.68471	-12.1958	-0.671961	-2.09745	9.55524	-12.2329	9.55	-12.25	-1.81797	-1.81797
9.64109	-12.32	-0.677918	-2.1338	9.47014	-12.4324	9.45	-12.4	-1.82042	-2.73064
9.51194	-12.4947	-0.899837	-2.27662	9.34172	-12.5587	9.35	-12.55	-1.82041	-2.73063
9.42731	-12.5603	-1.16344	-1.92618	9.21558	-12.6577	9.25	-12.65	-1.99893	-1.99891
9.29852	-12.6995	-1.3344	-2.03253	9.16462	-12.7506	9.15	-12.75	-1.99891	-1.9989
9.20673	-12.789	-1.45349	-1.86983	9.08802	-12.8351	9.05	-12.85	-1.81839	-1.81839
9.07013	-12.9207	-1.58945	-1.94313	8.95936	-12.9426	8.95	-12.95	-1.81838	-1.81838
8.93344	-12.9431	-1.98599	-1.31631	8.8569	-13.1416	8.8	-13	-2.72942	-0.909806
8.7678	-13.0392	-2.12041	-1.37841	8.65422	-13.0444	8.65	-13.05	-2.72941	-0.909806
8.65154	-13.1028	-2.15835	-1.34463	8.49168	-13.0983	8.5	-13.15	-2.99987	-1.99991
8.47481	-13.2044	-2.32486	-1.4304	8.3436	-13.2381	8.35	-13.25	-2.99984	-1.9999
8.31398	-13.1762	-2.6752	-0.775237	8.19421	-13.0768	8.25	-13.2	-1.99797	0.998985
8.17887	-13.2025	-2.67304	-0.752076	8.15674	-13.1486	8.15	-13.15	-1.99797	0.998985
8.03245	-13.246	-2.65806	-0.781404	7.9999	-13.1879	8	-13.2	-2.73	-0.910004
7.87897	-13.2841	-2.67313	-0.77415	7.85314	-13.2533	7.85	-13.25	-2.73	-0.910004
7.69939	-13.2527	-2.91727	-0.288585	7.57824	-13.1345	7.65	-13.25	-3.62957	0
7.51312	-13.2707	-2.97606	-0.298736	7.45422	-13.2433	7.45	-13.25	-3.62953	0
7.34562	-13.2775	-3.00709	-0.234185	7.33241	-13.2718	7.3	-13.25	-2.7301	0
7.16875	-13.2831	-3.03122	-0.223094	7.13166	-13.2372	7.15	-13.25	-2.73007	0
6.99564	-13.2732	-3.08135	-0.0974944	6.97467	-13.1643	7	-13.25	-2.72703	0
6.83702	-13.2684	-3.05292	-0.0759731	6.84852	-13.2404	6.85	-13.25	-2.727	0
6.65806	-13.2294	-3.17365	0.230345	6.7113	-13.2598	6.7	-13.2	-2.72742	0.909144
6.51336	-13.1983	-3.09856	0.271303	6.55626	-13.1584	6.55	-13.15	-2.72742	0.909144
6.33163	-13.1344	-3.19996	0.558407	6.32545	-12.9303	6.4	-13.1	-2.72703	0.908994
6.19328	-13.0843	-3.10621	0.602682	6.25112	-13.0473	6.25	-13.05	-2.727	0.908995
6.02556	-13.0437	-3.1082	0.642854	6.09711	-13.0021	6.1	-13	-2.73	0.910004
5.89349	-12.9909	-3.01243	0.683393	5.95513	-12.9613	5.95	-12.95	-2.72998	0.909996
5.74678	-12.9511	-3.03013	0.764085	5.89343	-13.1185	5.8	-12.9	-2.99275	0.99759
5.62399	-12.8922	-2.95535	0.807514	5.6635	-12.8347	5.65	-12.85	-2.99275	0.99758
5.4636	-12.8213	-3.00074	1.00082	5.61778	-12.8527	5.55	-12.75	-1.81993	1.81994
5.36222	-12.7268	-2.83924	1.08582	5.45219	-12.6228	5.45	-12.65	-1.81994	1.81994
5.20747	-12.6329	-2.87365	1.27198	5.30917	-12.4284	5.35	-12.55	-1.81722	1.81723
5.12823	-12.5255	-2.67652	1.35616	5.25069	-12.4448	5.25	-12.45	-1.81721	1.81721
4.98199	-12.4184	-2.73164	1.5896	5.13338	-12.4375	5.1	-12.35	-2.72881	1.8192
4.87742	-12.3116	-2.61829	1.6341	4.9499	-12.2734	4.95	-12.25	-2.72881	1.81921
4.75219	-12.2397	-2.53394	1.48621	4.92993	-12.1787	4.9	-12.15	-0.908467	1.81693
4.70143	-12.1188	-2.31264	1.57487	4.84027	-12.0359	4.85	-12.05	-0.908462	1.81692
4.57251	-11.9676	-2.42265	2.02992	4.79909	-11.9738	4.75	-11.9	-1.81788	2.72684
4.51616	-11.8238	-2.23106	2.10368	4.63814	-11.758	4.65	-11.75	-1.81788	2.72683
4.41578	-11.734	-2.103	1.83787	4.50688	-11.4491	4.6	-11.65	-0.909963	1.81994
4.391	-11.5998	-1.87804	1.91698	4.5399	-11.541	4.55	-11.55	-0.909959	1.81992
4.28242	-11.4168	-2.00304	2.42427	4.46798	-11.2692	4.5	-11.35	-0.909227	3.63689
4.28035	-11.2406	-1.73405	2.52508	4.45518	-11.1556	4.45	-11.15	-0.909218	3.63686
4.22668	-11.1638	-1.52742	2.08887	4.47788	-11.2387	4.4	-11.05	-0.909227	1.81845
4.22758	-11.016	-1.3163	2.16793	4.36691	-10.9529	4.35	-10.95	-0.909222	1.81844
4.18381	-10.9115	-1.19053	1.98738	4.34978	-10.6819	4.4	-10.8	0.9094	2.72823
4.23474	-10.7542	-0.900294	2.10246	4.42489	-10.6572	4.45	-10.65	0.909396	2.72819
4.19964	-10.6117	-0.931537	2.33949	4.45256	-10.5332	4.45	-10.5	0	3.00113
4.261	-10.4487	-0.661922	2.45106	4.44692	-10.3512	4.45	-10.35	0	3.00113
4.25451	-10.3212	-0.561441	2.38336	4.41237	-9.99477	4.5	-10.2	0.999524	2.99855
4.34417	-10.1511	-0.267501	2.50907	4.5556	-10.0446	4.55	-10.05	0.999524	2.99856
4.35728	-10.0204	-0.183206	2.48249	4.57379	-9.85032	4.6	-9.9	0.998267	2.9948
4.45685	-9.84825	0.0876673	2.60366	4.65841	-9.75093	4.65	-9.75	0.998262	2.99479
4.51693	-9.75168	0.385563	2.15506	4.60255	-9.4741	4.7	-9.65	0.910924	1.82187
4.61116	-9.60038	0.56689	2.24063	4.74425	-9.53907	4.75	-9.55	0.910928	1.82186
4.65036	-9.45868	0.561691	2.33667	4.78405	-9.35872	4.8	-9.4	0.908038	2.72411
4.74929	-9.30024	0.729277	2.41675	4.87523	-9.25457	4.85	-9.25	0.908033	2.7241
4.81235	-9.16623	0.81766	2.36469	4.92663	-9.02336	4.95	-9.1	1.81851	2.72776
4.92309	-9.0063	0.979195	2.4463	5.04624	-8.96378	5.05	-8.95	1.81852	2.72777
4.99901	-8.86765	1.06165	2.41174	5.1055	-8.72095	5.15	-8.8	1.8165	2.72476
5.12922	-8.69858	1.23783	2.51028	5.26299	-8.64398	5.25	-8.65	1.8165	2.72475
5.2503	-8.59831	1.52269	2.18544	5.34134	-8.5519	5.35	-8.55	1.82159	1.8216
5.36734	-8.46132	1.60414	2.2328	5.43218	-8.43885	5.45	-8.45	1.82157	1.82157
5.45409	-8.33306	1.57655	2.28003	5.5122	-8.36624	5.5	-8.35	0.908054	1.81609
5.53867	-8.21389	1.56954	2.26638	5.54143	-8.23537	5.55	-8.25	0.908054	1.8161
5.68439	-8.14465	1.93221	1.84481	5.72065	-8.20245	5.7	-8.15	2.72851	1.81902
5.80969	-8.03509	1.9775	1.86979	5.85207	-8.0316	5.85	-8.05	2.72849	1.81899
5.88731	-7.90171	1.75226	2.12856	5.99121	-7.96746	5.95	-7.9	1.81851	2.72777
6.0056	-7.77069	1.80528	2.1671	6.04955	-7.75139	6.05	-7.75	1.81852	2.72777
6.12563	-7.6667	1.91481	2.06369	6.20599	-7.74241	6.15	-7.65	1.81739	1.81739
6.23466	-7.55421	1.92253	2.06328	6.2473	-7.56333	6.25	-7.55	1.81739	1.81739
6.34797	-7.44583	1.95887	2.03184	6.39144	-7.48582	6.35	-7.45	1.8164	1.81641
6.45034	-7.34214	1.94439	2.01223	6.44526	-7.36223	6.45	-7.35	1.81638	1.81638
6.59161	-7.25411	2.1458	1.84008	6.66209	-7.31025	6.6	-7.25	2.72856	1.81904
6.72105	-7.14654	2.17251	1.85918	6.74856	-7.14204	6.75	-7.15	2.72856	1.81904
6.83096	-7.03969	2.11248	1.90535	6.83447	-7.05268	6.85	-7.05	1.82066	1.82066
6.9525	-6.93932	2.12285	1.899	6.97717	-6.96144	6.95	-6.95	1.82065	1.82065
7.09451	-6.86395	2.34227	1.7359	7.13677	-6.88363	7.1	-6.85	2.99976	1.99984
7.22522	-6.7652	2.37447	1.7684	7.2552	-6.74652	7.25	-6.75	2.99976	1.99984
7.28514	-6.64441	2.00386	2.03226	7.234	-6.59525	7.3	-6.65	0.999384	1.99876
7.37355	-6.54623	1.97848	2.0185	7.33491	-6.53948	7.35	-6.55	0.999369	1.99874
7.58492	-6.50049	2.64939	1.53147	7.67988	-6.69347	7.5	-6.55	2.72747	0
7.69741	-6.46292	2.56684	1.41289	7.64389	-6.55777	7.65	-6.55	2.72745	0
7.79724	-6.3772	2.26612	1.5811	7.94309	-6.60222	7.75	-6.45	1.81623	1.81624
7.8994	-6.31117	2.21368	1.52373	7.84566	-6.34021	7.85	-6.35	1.81623	1.81624
8.05276	-6.25126	2.4699	1.33567	7.9171	-6.24084	8	-6.3	2.72648	0.908821
8.17389	-6.19708	2.43433	1.28573	8.14601	-6.23101	8.15	-6.25	2.72645	0.908817
8.23714	-6.09363	1.92435	1.5957	8.37368	-6.18614	8.25	-6.1	1.81898	2.72847
8.34995	-5.99061	1.94286	1.63323	8.35502	-5.95811	8.35	-5.95	1.81897	2.72844
8.52529	-5.92996	2.42565	1.35903	8.43843	-5.87193	8.5	-5.9	2.72647	0.90883
8.65399	-5.85981	2.4149	1.34644	8.64201	-5.86567	8.65	-5.85	2.72645	0.908817
8.74926	-5.76825	2.15427	1.49144	8.76652	-5.75601	8.75	-5.75	1.81789	1.81788
8.86716	-5.6768	2.15571	1.5126	8.85198	-5.65134	8.85	-5.65	1.81789	1.81788
9.00943	-5.59573	2.33637	1.4376	8.91028	-5.47662	9	-5.55	2.73109	1.82073
9.14183	-5.4992	2.34908	1.47964	9.13482	-5.45989	9.15	-5.45	2.73106	1.82072
9.24515	-5.40431	2.14761	1.58734	9.32693	-5.39468	9.25	-5.35	1.81796	1.81795
9.36072	-5.30158	2.14674	1.62191	9.33045	-5.26019	9.35	-5.25	1.81794	1.81793
9.49956	-5.21286	2.2965	1.57138	9.4498	-5.12838	9.5	-5.15	2.72905	1.81937
9.63486	-5.09868	2.32072	1.63977	9.63754	-5.04328	9.65	-5.05	2.72903	1.81935
9.68278	-4.99333	1.81339	1.85624	9.83281	-5.00671	9.7	-4.95	0.998666	1.99733
9.77234	-4.88539	1.815	1.8908	9.74856	-4.84745	9.75	-4.85	0.998656	1.99731
9.87963	-4.78317	1.84532	1.88153	9.96003	-4.81123	9.85	-4.75	1.8172	1.81719
9.97268	-4.67804	1.82993	1.88203	9.93394	-4.66432	9.95	-4.65	1.81717	1.81717
10.0785	-4.57519	1.85169	1.87758	10.1357	-4.58625	10.05	-4.55	1.82042	1.82043
10.1751	-4.46473	1.8437	1.89308	10.1444	-4.44253	10.15	-4.45	1.82041	1.82042
10.3272	-4.37028	2.19706	1.7817	10.3185	-4.35401	10.3	-4.35	2.72672	1.81782
10.45	-4.26405	2.20221	1.80195	10.4496	-4.24828	10.45	-4.25	2.7267	1.8178
10.4716	-4.14099	1.47863	2.03079	10.5826	-4.11494	10.5	-4.1	0.908764	2.72628
10.5582	-4.00253	1.49303	2.09655	10.5542	-3.95161	10.55	-3.95	0.908764	2.72628
10.6441	-3.88077	1.51061	2.11043	10.6618	-3.807	10.65	-3.8	1.8194	2.72911
10.7402	-3.7244	1.54109	2.2117	10.7602	-3.65417	10.75	-3.65	1.81939	2.72908
10.8537	-3.60312	1.73756	2.17429	10.8593	-3.57039	10.85	-3.55	1.81839	1.81838
10.9479	-3.47872	1.73585	2.18557	10.9375	-3.46792	10.95	-3.45	1.81838	1.81838
10.9832	-3.34776	1.30403	2.28738	11.0183	-3.30073	11	-3.3	0.908549	2.72563
11.0612	-3.19437	1.31877	2.35595	11.0672	-3.14607	11.05	-3.15	0.908549	2.72564
11.1068	-3.05882	1.12854	2.40002	11.1054	-3.01303	11.1	-3	0.90888	2.72663
11.1678	-2.89989	1.12965	2.46535	11.1428	-2.8481	11.15	-2.85	0.908863	2.72661
11.2128	-2.75888	1.01762	2.49356	11.1758	-2.69942	11.2	-2.7	0.909988	2.72995
11.2687	-2.59353	1.02021	2.56292	11.2495	-2.5409	11.25	-2.55	0.909988	2.72995
11.2136	-2.45103	0.172368	2.66911	11.4549	-2.46508	11.2	-2.4	-0.907692	2.72306
11.2159	-2.28298	0.161472	2.71917	11.1705	-2.24061	11.15	-2.25	-0.907683	2.72304
11.3342	-2.12838	0.962725	2.65131	11.2202	-2.08177	11.25	-2.1	1.8219	2.73284
11.3814	-1.97963	0.953182	2.65809	11.3536	-1.97104	11.35	-1.95	1.82188	2.73281
11.3654	-1.83185	0.504198	2.69431	11.224	-1.77367	11.35	-1.8	0	2.71996
11.3895	-1.66957	0.498176	2.72745	11.3661	-1.64386	11.35	-1.65	0	2.71993
11.3811	-1.51921	0.273741	2.74169	11.2691	-1.47976	11.35	-1.5	0	2.73448
11.3866	-1.36136	0.257423	2.75856	11.3391	-1.34511	11.35	-1.35	0	2.73446
11.2674	-1.23345	-0.677006	2.77472	11.2507	-1.19626	11.25	-1.2	-1.99969	2.99952
11.2207	-1.07763	-0.698558	2.81509	11.1532	-1.04324	11.15	-1.05	-1.99967	2.99949
11.1508	-0.936686	-0.902114	2.8198	10.9697	-0.89157	11.1	-0.9	-1.00006	3.00024
11.0996	-0.777582	-0.912603	2.86406	11.0654	-0.742685	11.05	-0.75	-1.00006	3.00021
10.9911	-0.631738	-1.30835	2.83822	10.8913	-0.655608	10.95	-0.649999	-1.81771	1.81773
10.9057	-0.502329	-1.33026	2.76999	10.8418	-0.549005	10.85	-0.549999	-1.81772	1.81773
10.8106	-0.36218	-1.49353	2.73893	10.827	-0.442912	10.75	-0.45	-1.81842	1.8184
10.7173	-0.262791	-1.5095	2.60989	10.6642	-0.353413	10.65	-0.35	-1.8184	1.81839
10.5378	-0.16048	-2.26371	2.52743	10.5503	-0.248633	10.5	-0.25	-3.00035	2.00024
10.4124	-0.0822328	-2.28056	2.40596	10.3487	-0.171899	10.35	-0.15	-3.00032	2.00022
10.3073	0.0251746	-2.20263	2.37528	10.2559	-0.115293	10.25	-0.0999996	-2.00053	1.00027
10.1885	0.0788922	-2.21145	2.2115	10.137	-0.0462889	10.15	-0.0499992	-2.00053	1.00027
10.0887	0.174412	-2.12948	2.1761	10.0717	0.0165033	10.05	9.49949e-007	-2.00009	1.00004
9.9755	0.206546	-2.13343	1.98286	9.92833	0.0556031	9.95	0.0500011	-2.00006	1.00003
9.82155	0.269467	-2.48893	1.87614	9.8478	0.0279858	9.8	0.0500011	-3.00025	0
9.69309	0.254464	-2.48474	1.60172	9.65029	0.0372757	9.65	0.0500011	-3.00024	0
9.5387	0.305747	-2.71062	1.51908	9.54682	0.0997641	9.5	0.100001	-2.99825	0.999409
9.39503	0.301735	-2.71666	1.31652	9.33515	0.138463	9.35	0.15	-2.99825	0.999409
9.30264	0.352337	-2.34384	1.27597	9.46113	0.134275	9.25	0.15	-1.81915	0
9.17119	0.334333	-2.34093	1.05255	9.13787	0.161547	9.15	0.15	-1.81913	0
9.0106	0.360074	-2.66675	0.970456	9.02723	0.196492	9	0.2	-2.99927	0.99976
8.87004	0.356724	-2.67488	0.838279	8.82128	0.250523	8.85	0.25	-2.99927	0.99976
8.71273	0.378049	-2.83942	0.778676	8.67607	0.247512	8.7	0.25	-2.99873	0
8.56923	0.361673	-2.83762	0.637504	8.54916	0.247046	8.55	0.25	-2.99871	0
8.42791	0.378741	-2.7377	0.594954	8.44086	0.253341	8.4	0.25	-2.72872	0
8.27138	0.361164	-2.74476	0.466095	8.2302	0.258614	8.25	0.25	-2.72871	0
8.11949	0.358322	-2.85277	0.39432	8.1066	0.204722	8.1	0.2	-2.99909	-0.9997
7.97476	0.29737	-2.85088	0.186837	7.94777	0.127954	7.95	0.15	-2.9991	-0.9997
7.82041	0.283462	-2.94135	0.123774	7.82213	0.149733	7.8	0.15	-3.00101	0
7.66824	0.246268	-2.94781	0.0115949	7.63383	0.15164	7.65	0.15	-3.00099	0
7.52847	0.224211	-2.78043	-0.0437954	7.49691	0.101076	7.5	0.100001	-2.72698	-0.908982
7.37257	0.171807	-2.78385	-0.173746	7.35046	0.0656199	7.35	0.0500011	-2.72695	-0.908974
7.27409	0.13441	-2.45594	-0.244418	7.13188	-0.00451978	7.25	9.49949e-007	-2.00032	-1.00016
7.15199	0.066709	-2.45379	-0.389491	7.14965	-0.0559868	7.15	-0.0499992	-2.0003	-1.00015
6.9819	0.0118655	-2.65776	-0.477945	6.77233	-0.150907	7	-0.15	-2.72534	-1.8169
6.84002	-0.0816788	-2.65068	-0.654746	6.85872	-0.227918	6.85	-0.25	-2.72532	-1.81688
6.80654	-0.170304	-1.90885	-0.81685	6.70421	-0.347264	6.8	-0.349999	-1.00053	-2.00107
6.71677	-0.280756	-1.90253	-1.00101	6.74687	-0.441006	6.75	-0.449999	-1.00054	-2.00107
6.6233	-0.369414	-1.91383	-1.10316	6.72084	-0.550555	6.65	-0.549999	-2.00016	-2.00017
6.52986	-0.48349	-1.91571	-1.25973	6.54837	-0.624094	6.55	-0.65	-2.00016	-2.00017
6.49628	-0.609724	-1.42906	-1.46523	6.40088	-0.78131	6.5	-0.799999	-0.999884	-2.99963
6.4257	-0.763016	-1.43956	-1.67849	6.44859	-0.960126	6.45	-0.949999	-0.999884	-2.99963
6.39355	-0.907002	-1.1273	-1.87548	6.37766	-1.0844	6.4	-1.1	-0.999984	-2.99995
6.33617	-1.06956	-1.14395	-2.05877	6.35596	-1.24356	6.35	-1.25	-0.999969	-2.99992
6.35194	-1.24453	-0.632579	-2.32799	6.5527	-1.43518	6.35	-1.4	0	-3.00132
6.32158	-1.41352	-0.645512	-2.4674	6.35503	-1.55184	6.35	-1.55	0	-3.00129
6.30482	-1.57635	-0.498594	-2.56977	6.33086	-1.6454	6.35	-1.65	0	-1.81769
6.28783	-1.72435	-0.48188	-2.58567	6.34356	-1.7483	6.35	-1.75	0	-1.81769
6.31431	-1.90031	-0.0928789	-2.80067	6.34522	-1.96081	6.35	-1.95	0	-3.99976
6.31203	-2.06213	-0.0973141	-2.85692	6.34095	-2.12276	6.35	-2.15	0	-3.99972
6.29835	-2.20475	-0.161141	-2.83999	6.3068	-2.23646	6.35	-2.25	0	-2
6.3003	-2.3459	-0.142548	-2.83571	6.34785	-2.35274	6.35	-2.35	0	-1.99998
6.30146	-2.49308	-0.0695539	-2.87318	6.26272	-2.46894	6.35	-2.5	0	-3
6.30938	-2.63562	-0.0480436	-2.86775	6.36265	-2.64414	6.35	-2.65	0	-3
6.35685	-2.81035	0.323083	-3.07221	6.38105	-2.77438	6.4	-2.8	1.00003	-3.00012
6.39003	-2.9558	0.358827	-3.04758	6.461	-2.95066	6.45	-2.95	1.00003	-3.00009
6.4538	-3.14462	0.699331	-3.26554	6.50958	-3.15806	6.5	-3.15	0.999284	-3.99712
6.49802	-3.31858	0.71149	-3.28932	6.55345	-3.36165	6.55	-3.35	0.999284	-3.99712
6.52176	-3.46964	0.53775	-3.13123	6.64067	-3.46888	6.6	-3.45	0.909922	-1.81983
6.57368	-3.61262	0.595661	-3.05428	6.63536	-3.55462	6.65	-3.55	0.909917	-1.81984
6.63506	-3.77135	0.79348	-3.14182	6.70376	-3.69784	6.7	-3.7	0.999335	-2.99802
6.69577	-3.90134	0.848151	-3.07028	6.75151	-3.84595	6.75	-3.85	0.99934	-2.99802
6.73554	-4.04983	0.797014	-2.99322	6.65288	-3.91672	6.8	-4	0.908549	-2.72564
6.80026	-4.19254	0.849042	-2.9347	6.85764	-4.15466	6.85	-4.15	0.908537	-2.72561
6.82677	-4.31731	0.636903	-2.7298	6.9447	-4.2991	6.9	-4.25	0.90988	-1.81977
6.89019	-4.42595	0.713362	-2.6237	6.94846	-4.34203	6.95	-4.35	0.909876	-1.81975
6.95747	-4.56652	0.890992	-2.716	7.09552	-4.55441	7	-4.5	1.00008	-3.00024
7.01344	-4.68456	0.922247	-2.67095	7.03506	-4.6461	7.05	-4.65	1.00008	-3.00024
7.11322	-4.85547	1.27729	-2.92632	7.25009	-4.88515	7.15	-4.8	1.99984	-2.99976
7.20103	-4.97656	1.33685	-2.86003	7.26242	-4.9318	7.25	-4.95	1.99984	-2.99976
7.23888	-5.08329	1.07948	-2.62998	7.33292	-5.08676	7.3	-5.05	1.00028	-2.00057
7.31044	-5.19433	1.12417	-2.57721	7.3521	-5.15533	7.35	-5.15	1.00028	-2.00056
7.37096	-5.31928	1.13849	-2.56951	7.40318	-5.28627	7.4	-5.3	1.00003	-3.00012
7.43112	-5.44555	1.14595	-2.56339	7.44098	-5.44336	7.45	-5.45	1.00004	-3.00012
7.50105	-5.57967	1.24328	-2.62896	7.46878	-5.50726	7.55	-5.55	1.99961	-1.99961
7.59115	-5.68594	1.31083	-2.56233	7.66561	-5.647	7.65	-5.65	1.9996	-1.9996
7.65262	-5.80628	1.2605	-2.51105	7.70927	-5.8194	7.7	-5.8	1.00027	-3.00084
7.72251	-5.93621	1.27226	-2.51852	7.75724	-5.96146	7.75	-5.95	1.00028	-3.00084
7.79437	-6.06392	1.34901	-2.56751	7.71187	-5.94164	7.85	-6.05	1.9998	-1.99981
7.88565	-6.17274	1.40583	-2.5155	7.95005	-6.14609	7.95	-6.15	1.9998	-1.9998
7.93543	-6.27183	1.21605	-2.33498	8.03808	-6.28852	8	-6.25	1.00004	-2.00008
8.00963	-6.37641	1.24854	-2.30325	8.04346	-6.35767	8.05	-6.35	1.00004	-2.00008
8.11314	-6.52611	1.55484	-2.55852	8.1071	-6.48544	8.15	-6.5	1.99951	-2.99928
8.20569	-6.64992	1.58659	-2.54406	8.25742	-6.66007	8.25	-6.65	1.9995	-2.99925
8.25376	-6.74626	1.24824	-2.23248	8.38768	-6.7963	8.3	-6.75	0.90921	-1.81841
8.32452	-6.86843	1.25284	-2.23045	8.33159	-6.8699	8.35	-6.85	0.90921	-1.81841
8.41201	-7.00295	1.39355	-2.35585	8.58336	-7.15056	8.4	-7	1.0001	-3.00036
8.47308	-7.13151	1.37144	-2.38251	8.45779	-7.15285	8.45	-7.15	1.00011	-3.00036
8.54533	-7.25465	1.44208	-2.44549	8.37938	-7.10665	8.55	-7.25	1.99907	-1.99908
8.62739	-7.36589	1.46704	-2.41781	8.647	-7.3454	8.65	-7.35	1.99908	-1.99908
8.70923	-7.49739	1.5195	-2.47227	8.76035	-7.57239	8.7	-7.5	1.00058	-3.00174
8.77582	-7.63357	1.49506	-2.50298	8.76121	-7.66039	8.75	-7.65	1.00057	-3.00171
8.81721	-7.72796	1.24787	-2.27875	8.81118	-7.75569	8.8	-7.75	0.999844	-1.99968
8.87144	-7.84374	1.2304	-2.28567	8.84363	-7.83628	8.85	-7.85	0.999844	-1.99968
8.98431	-8.01064	1.59319	-2.63163	9.07758	-8.1058	8.95	-8	2.00017	-3.00024
9.05965	-8.14753	1.58212	-2.64458	9.05238	-8.15838	9.05	-8.15	2.00014	-3.00021
9.10168	-8.24359	1.31528	-2.39226	9.05557	-8.22632	9.1	-8.25	0.998905	-1.99781
9.16555	-8.36138	1.31205	-2.38881	9.15492	-8.35136	9.15	-8.35	0.998886	-1.99779
9.23325	-8.48909	1.26	-2.34138	9.30408	-8.57245	9.2	-8.5	0.908863	-2.72657
9.28769	-8.62979	1.22435	-2.3719	9.2543	-8.64461	9.25	-8.65	0.908855	-2.72655
9.34152	-8.75347	1.17622	-2.34098	9.15971	-8.67035	9.3	-8.8	0.909475	-2.72841
9.385	-8.90653	1.12258	-2.40012	9.35164	-8.95148	9.35	-8.95	0.909466	-2.72839
9.46332	-9.05824	1.28799	-2.58715	9.47941	-9.179	9.4	-9.1	0.999765	-2.99935
9.50046	-9.21024	1.22215	-2.64447	9.44272	-9.24111	9.45	-9.25	0.999774	-2.99934
9.53161	-9.31913	0.951759	-2.37241	9.53008	-9.38561	9.5	-9.35	0.908962	-1.81792
9.58288	-9.44717	0.950428	-2.36759	9.5752	-9.43724	9.55	-9.45	0.908954	-1.8179
9.63485	-9.5812	0.959323	-2.38711	9.60163	-9.60777	9.6	-9.6	0.909988	-2.72996
9.66722	-9.73008	0.909673	-2.43117	9.62903	-9.75552	9.65	-9.75	0.909971	-2.72993
9.72604	-9.87815	0.986269	-2.52357	9.69155	-9.89957	9.7	-9.9	0.907972	-2.7239
9.76753	-10.0287	0.954796	-2.55197	9.74482	-10.046	9.75	-10.05	0.907972	-2.72391
9.79209	-10.1422	0.774635	-2.36813	9.69256	-10.1336	9.75	-10.2	0	-2.73106
9.80368	-10.3016	0.697982	-2.4394	9.75264	-10.3488	9.75	-10.35	0	-2.73105
9.86557	-10.4626	0.913806	-2.69837	9.8242	-10.5024	9.8	-10.5	1	-2.99999
9.88406	-10.6196	0.847661	-2.75336	9.83234	-10.6514	9.85	-10.65	0.999994	-2.99996
9.91218	-10.7455	0.76382	-2.66979	9.82501	-10.7525	9.85	-10.8	0	-3.00047
9.91485	-10.9098	0.676419	-2.74522	9.85033	-10.9603	9.85	-10.95	0	-3.00048
9.90833	-11.0001	0.36115	-2.38179	9.91881	-11.1448	9.85	-11.05	0	-1.9956
9.90534	-11.1337	0.31075	-2.4182	9.86057	-11.1502	9.85	-11.15	0	-1.99559
9.91711	-11.2656	0.291566	-2.40888	9.83851	-11.2795	9.85	-11.3	0	-2.73184
9.90119	-11.4204	0.214562	-2.46531	9.83839	-11.4483	9.85	-11.45	0	-2.73182
9.90272	-11.5412	0.17185	-2.43468	9.79654	-11.5922	9.8	-11.6	-0.998566	-2.9957
9.85899	-11.7	0.0452972	-2.52672	9.75592	-11.7487	9.75	-11.75	-0.998566	-2.99569
9.86233	-11.8503	0.0750017	-2.58955	9.77699	-11.9246	9.75	-11.9	0	-2.73084
9.82935	-12.0178	-0.0147363	-2.65231	9.75861	-12.0491	9.75	-12.05	0	-2.73085
9.7881	-12.1164	-0.29288	-2.30665	9.63743	-12.1863	9.65	-12.2	-1.81598	-2.72396
9.69996	-12.2902	-0.466942	-2.42301	9.56514	-12.3446	9.55	-12.35	-1.81597	-2.72396
9.62144	-12.3544	-0.847924	-1.91892	9.47157	-12.4849	9.45	-12.45	-1.82132	-1.82133
9.49749	-12.5034	-1.03336	-2.02953	9.34752	-12.5408	9.35	-12.55	-1.82131	-1.82131
9.43065	-12.6126	-1.08353	-1.98774	9.32154	-12.7193	9.3	-12.65	-0.908038	-1.81606
9.32899	-12.74	-1.18251	-2.03569	9.24151	-12.7411	9.25	-12.75	-0.908029	-1.81605
9.20624	-12.7602	-1.6028	-1.40619	9.04013	-12.7738	9.05	-12.85	-3.64007	-1.82004
9.02014	-12.8912	-1.83921	-1.5404	8.83995	-12.9425	8.85	-12.95	-3.64007	-1.82003
8.90092	-12.9334	-2.01654	-1.28453	8.73518	-13.0163	8.75	-13	-1.9959	-0.997948
8.74668	-13.0217	-2.1435	-1.34673	8.6395	-13.0341	8.65	-13.05	-1.9959	-0.997948
8.60396	-13.0525	-2.32018	-1.05506	8.48414	-13.0416	8.5	-13.1	-2.73149	-0.910502
8.43068	-13.1313	-2.4304	-1.10823	8.34268	-13.1451	8.35	-13.15	-2.73146	-0.910485
8.2848	-13.1758	-2.50649	-0.988904	8.19497	-13.1991	8.2	-13.2	-2.72385	-0.907955
8.11837	-13.2398	-2.57388	-1.01476	8.06107	-13.2364	8.05	-13.25	-2.72383	-0.907947
7.95295	-13.2401	-2.76156	-0.648742	7.88931	-13.1791	7.9	-13.25	-2.72673	0
7.78923	-13.2724	-2.78712	-0.645401	7.75593	-13.2425	7.75	-13.25	-2.72673	0
7.61594	-13.2608	-2.93253	-0.350377	7.52542	-13.1457	7.6	-13.25	-2.72991	0
7.45743	-13.27	-2.92301	-0.330703	7.44992	-13.2329	7.45	-13.25	-2.72991	0
7.26194	-13.1979	-3.20628	0.276874	7.19347	-13.1392	7.25	-13.2	-3.63887	0.909723
7.07716	-13.1805	-3.22507	0.278858	7.05468	-13.1604	7.05	-13.15	-3.63887	0.909723
6.90968	-13.194	-3.13203	0.068868	6.90569	-13.1515	6.9	-13.15	-2.72312	0
6.74016	-13.179	-3.12124	0.0905685	6.73255	-13.1364	6.75	-13.15	-2.72312	0
6.59007	-13.185	-3.10783	0.0643208	6.69426	-13.3705	6.6	-13.15	-3.00475	0
6.43548	-13.1745	-3.10389	0.0777362	6.42749	-13.1436	6.45	-13.15	-3.00472	0
6.28162	-13.151	-3.14441	0.226196	6.4246	-13.2048	6.35	-13.1	-1.9976	0.998786
6.17245	-13.1132	-3.02334	0.285443	6.2503	-13.0552	6.25	-13.05	-1.99758	0.998786
6.00735	-13.0752	-3.07241	0.462028	6.162	-13.1569	6.1	-13	-2.72732	0.909111
5.88526	-13.0192	-2.95305	0.528427	5.95166	-12.9396	5.95	-12.95	-2.72732	0.909111
5.72109	-12.9649	-2.99594	0.685262	5.78183	-12.8825	5.8	-12.9	-2.72895	0.909657
5.5944	-12.9033	-2.89947	0.737121	5.64785	-12.8416	5.65	-12.85	-2.72896	0.909648
5.43045	-12.8183	-2.98702	1.04217	5.54035	-12.7925	5.55	-12.75	-1.81808	1.81809
5.33409	-12.7275	-2.81717	1.11717	5.43842	-12.6552	5.45	-12.65	-1.81809	1.81809
5.17879	-12.6263	-2.88258	1.38595	5.33087	-12.5965	5.3	-12.55	-2.7236	1.81575
5.06232	-12.5237	-2.77503	1.44259	5.12059	-12.4527	5.15	-12.45	-2.72358	1.81572
4.92327	-12.4502	-2.74494	1.43509	5.13793	-12.5907	5.05	-12.35	-1.81967	1.81966
4.84591	-12.3308	-2.55931	1.52339	4.95241	-12.2277	4.95	-12.25	-1.81967	1.81967
4.70148	-12.1962	-2.64258	1.85633	4.81467	-12.1072	4.85	-12.1	-1.81844	2.72766
4.6346	-12.0541	-2.44519	1.94438	4.75144	-11.9561	4.75	-11.95	-1.81844	2.72767
4.52321	-11.9673	-2.33119	1.73671	4.6829	-11.7433	4.7	-11.85	-0.909557	1.8191
4.50271	-11.8298	-2.06382	1.83433	4.67603	-11.7496	4.65	-11.75	-0.909553	1.81911
4.40098	-11.7078	-2.06091	1.96214	4.61619	-11.6508	4.6	-11.6	-0.907782	2.72335
4.38816	-11.5528	-1.80841	2.06803	4.5432	-11.4431	4.55	-11.45	-0.907778	2.72334
4.28412	-11.3593	-1.93206	2.57916	4.48104	-11.1618	4.5	-11.25	-0.910253	3.64099
4.28125	-11.1719	-1.67374	2.68468	4.44374	-11.0696	4.45	-11.05	-0.910253	3.64099
4.24155	-11.1021	-1.3906	2.07915	4.46178	-10.9843	4.45	-10.95	0	1.81804
4.27154	-10.9461	-1.12589	2.17957	4.4464	-10.8663	4.45	-10.85	0	1.81805
4.25287	-10.8749	-0.950995	1.88208	4.60972	-11.1274	4.45	-10.75	0	1.81614
4.29235	-10.7289	-0.720943	1.98204	4.43858	-10.6346	4.45	-10.65	0	1.81614
4.2413	-10.5443	-0.876459	2.48954	4.43099	-10.4242	4.45	-10.45	0	3.6396
4.29137	-10.3585	-0.629602	2.60527	4.44616	-10.2449	4.45	-10.25	0	3.6396
4.29349	-10.2319	-0.482731	2.43439	4.52156	-10.1192	4.5	-10.1	0.910021	2.73005
4.37494	-10.0479	-0.212981	2.55761	4.55225	-9.94382	4.55	-9.95	0.910013	2.73003
4.38627	-9.90589	-0.158109	2.59419	4.5897	-9.73457	4.6	-9.8	0.999085	2.99725
4.47423	-9.73372	0.0801976	2.70225	4.64586	-9.65356	4.65	-9.65	0.99908	2.99724
4.52801	-9.62418	0.341036	2.32449	4.61159	-9.38621	4.7	-9.55	0.910095	1.82021
4.61398	-9.47431	0.505163	2.38839	4.7442	-9.45683	4.75	-9.45	0.910091	1.82018
4.66071	-9.35128	0.57715	2.36334	4.80746	-9.23434	4.85	-9.3	1.99828	2.99743
4.77412	-9.19982	0.784157	2.45658	4.94202	-9.15915	4.95	-9.15	1.99826	2.99739
4.83101	-9.051	0.794625	2.53465	5.03379	-9.03255	5	-9	0.908384	2.72514
4.93815	-8.88281	0.950246	2.61357	5.06039	-8.84271	5.05	-8.85	0.908384	2.72514
5.04664	-8.78411	1.23969	2.25858	5.21058	-8.83852	5.15	-8.75	1.81679	1.8168
5.16198	-8.64672	1.35199	2.30277	5.26598	-8.6555	5.25	-8.65	1.81679	1.8168
5.24785	-8.51845	1.38817	2.29735	5.33786	-8.49992	5.35	-8.5	1.82017	2.73024
5.36028	-8.37658	1.47539	2.34336	5.43516	-8.36367	5.45	-8.35	1.82015	2.73022
5.47433	-8.26747	1.64078	2.17898	5.58025	-8.28767	5.55	-8.25	1.81852	1.81852
5.58891	-8.14495	1.69662	2.19503	5.65225	-8.1686	5.65	-8.15	1.8185	1.8185
5.7121	-8.04601	1.84671	2.04399	5.83663	-8.14888	5.75	-8.05	1.81752	1.81753
5.8116	-7.93795	1.84064	2.03418	5.81186	-7.95139	5.85	-7.95	1.81752	1.81752
5.92619	-7.83879	1.91044	1.95933	5.99151	-7.92468	5.95	-7.85	1.8194	1.8194
6.03388	-7.73419	1.91542	1.9543	6.04627	-7.74932	6.05	-7.75	1.81941	1.8194
6.11292	-7.59925	1.75411	2.1309	6.05883	-7.47931	6.15	-7.6	1.81742	2.72613
6.22808	-7.46627	1.79996	2.17213	6.26179	-7.43797	6.25	-7.45	1.8174	2.72611
6.37439	-7.37461	2.09978	1.90902	6.3458	-7.29797	6.4	-7.35	2.7248	1.81653
6.50934	-7.25742	2.14558	1.94359	6.55234	-7.24441	6.55	-7.25	2.72477	1.81651
6.64934	-7.168	2.29715	1.80498	6.61964	-7.17343	6.65	-7.2	1.81957	0.909789
6.75988	-7.09363	2.25572	1.74492	6.74556	-7.15305	6.75	-7.15	1.81957	0.909785
6.89879	-7.00942	2.34988	1.66314	6.91901	-7.04822	6.9	-7.05	2.72946	1.81964
7.03661	-6.9202	2.36757	1.6628	7.06886	-6.94012	7.05	-6.95	2.72946	1.81964
7.13634	-6.81244	2.17298	1.80567	7.12574	-6.81829	7.15	-6.85	1.81554	1.81554
7.25282	-6.72031	2.16399	1.78832	7.25262	-6.73852	7.25	-6.75	1.81554	1.81554
7.35296	-6.61583	2.0579	1.85194	7.30586	-6.61905	7.35	-6.65	1.82007	1.82007
7.46172	-6.52162	2.04666	1.83343	7.45762	-6.53827	7.45	-6.55	1.82005	1.82005
7.62746	-6.454	2.41168	1.56967	7.59546	-6.48319	7.6	-6.5	2.72628	0.908764
7.74864	-6.39245	2.38053	1.50961	7.74315	-6.44913	7.75	-6.45	2.72628	0.908764
7.86743	-6.31443	2.31623	1.52126	7.8486	-6.40709	7.85	-6.4	1.81656	0.908285
7.97623	-6.26623	2.26758	1.43358	7.9584	-6.34152	7.95	-6.35	1.81656	0.908281
8.09862	-6.19349	2.27204	1.411	8.05398	-6.23227	8.1	-6.25	2.73006	1.82003
8.22633	-6.12345	2.27558	1.39568	8.24773	-6.1485	8.25	-6.15	2.73005	1.82003
8.3649	-6.04838	2.37177	1.34932	8.32369	-5.98136	8.4	-6.05	2.72692	1.81795
8.51148	-5.95894	2.40833	1.39092	8.55156	-5.93992	8.55	-5.95	2.7269	1.81794
8.61366	-5.8664	2.1946	1.51763	8.63806	-5.84559	8.65	-5.85	1.81844	1.81844
8.74155	-5.77189	2.21194	1.54591	8.7543	-5.75242	8.75	-5.75	1.81843	1.81843
8.88914	-5.69276	2.35158	1.48764	9.00947	-5.71389	8.9	-5.65	2.72464	1.81643
9.03405	-5.58564	2.38862	1.55203	9.06113	-5.54128	9.05	-5.55	2.72465	1.81643
9.13926	-5.4872	2.20806	1.64824	9.13938	-5.44533	9.15	-5.45	1.81916	1.81918
9.26212	-5.37851	2.21573	1.69057	9.24452	-5.3352	9.25	-5.35	1.81916	1.81916
9.38035	-5.286	2.2235	1.68005	9.26221	-5.25032	9.35	-5.3	1.81895	0.909466
9.48315	-5.21958	2.17996	1.61178	9.43645	-5.25801	9.45	-5.25	1.81894	0.90947
9.56259	-5.11968	1.86355	1.74663	9.71784	-5.19928	9.55	-5.1	1.81986	2.72981
9.66707	-5.00194	1.87284	1.79829	9.64908	-4.9531	9.65	-4.95	1.81987	2.72981
9.76295	-4.89712	1.84418	1.81735	9.67182	-4.82288	9.75	-4.85	1.81736	1.81735
9.86866	-4.78047	1.85601	1.85809	9.86682	-4.74721	9.85	-4.75	1.81736	1.81735
9.96319	-4.67399	1.80648	1.88178	9.94653	-4.64316	9.95	-4.65	1.81806	1.81805
10.0662	-4.56077	1.81534	1.90607	10.0706	-4.54316	10.05	-4.55	1.81805	1.81805
10.2304	-4.47056	2.21368	1.77617	10.4074	-4.52899	10.2	-4.45	2.72609	1.8174
10.3519	-4.3661	2.21444	1.79205	10.3431	-4.35107	10.35	-4.35	2.72606	1.81737
10.3761	-4.24223	1.53211	2.01621	10.3837	-4.17982	10.4	-4.2	0.908945	2.72688
10.4638	-4.11073	1.5424	2.0666	10.4578	-4.07071	10.45	-4.05	0.908953	2.72687
10.5793	-3.99856	1.75972	2.01509	10.5531	-3.94939	10.55	-3.95	1.81903	1.81904
10.6723	-3.87376	1.75555	2.04755	10.6424	-3.84126	10.65	-3.85	1.81902	1.81903
10.7572	-3.752	1.70794	2.07572	10.6157	-3.63689	10.75	-3.7	1.81931	2.72896
10.858	-3.60319	1.72596	2.16161	10.8572	-3.53957	10.85	-3.55	1.81931	2.72896
10.8992	-3.48061	1.42898	2.24884	10.8149	-3.35552	10.9	-3.4	0.999745	2.99928
10.9708	-3.32882	1.43533	2.34412	10.9372	-3.24816	10.95	-3.25	0.999754	2.99928
11.0824	-3.19686	1.70735	2.30331	10.9078	-3.10703	11.05	-3.15	1.81764	1.81765
11.1694	-3.06756	1.69544	2.3077	11.135	-3.05697	11.15	-3.05	1.81763	1.81764
11.2099	-2.93396	1.33661	2.37503	11.1507	-2.87978	11.2	-2.9	0.909657	2.72896
11.2813	-2.78328	1.33502	2.42372	11.2571	-2.74346	11.25	-2.75	0.909648	2.72893
11.2091	-2.65159	0.339757	2.57717	11.2614	-2.58697	11.2	-2.6	-0.998725	2.99617
11.2136	-2.50175	0.320218	2.62516	11.1393	-2.45312	11.15	-2.45	-0.998725	2.99616
11.272	-2.3524	0.617545	2.60368	11.2346	-2.28949	11.2	-2.3	0.908813	2.72643
11.2958	-2.19585	0.600664	2.63416	11.239	-2.16508	11.25	-2.15	0.908805	2.7264
11.3411	-2.04583	0.733666	2.63178	11.1623	-1.9797	11.3	-2	0.909855	2.72956
11.3761	-1.88436	0.725194	2.67229	11.3424	-1.85113	11.35	-1.85	0.909847	2.72953
